0.333640761502958,-0.00387523676829392,-0.465577006455426,0.510318398703776,-0.509600989738525,0.458303804958139
0.319368602001832,0.0966171374637018,-0.370819663791078,0.47393903880286,-0.424360876387016,0.44574675234704
0.331607065411017,0.0369855291401654,-0.428880550645767,0.492232264749002,-0.43821779274175,0.492279365025507
0.333387568706826,-0.0135611293053202,-0.473918331655983,0.515248197353759,-0.500623601648836,0.497257560925082
0.320205095745444,-0.0938076321784913,-0.537636672143771,0.565777910416805,-0.499602820862436,0.499312425050495
0.320499350837732,-0.0927973130477208,-0.536896808192094,0.565029624282799,-0.54223805325107,0.587438598288633
0.309981198452227,0.123461863757217,-0.342796882893538,0.469092759204515,-0.31648331110023,0.498484754517924
0.311008878524294,0.120849711109894,-0.345579196897731,0.46946450719107,-0.416086132373225,0.454490140397403
0.333143059980894,-0.018624628394967,-0.478224413335366,0.517923354941341,-0.498035201532746,0.487344733189084
0.326939621558476,0.0666457729453622,-0.400691797494958,0.481892569854902,-0.430905862646522,0.498857304428564
0.33331005198163,0.0153487603501817,-0.448616575268753,0.50126217388541,-0.423267619434623,0.498120170393007
0.326907345807305,0.0668039104656848,-0.40053791265372,0.481843901024171,-0.384932947447111,0.448898699070772
0.310624255040365,0.121834918545148,-0.344531259270485,0.469321693871417,-0.253172047591095,0.475922379651092
0.312296567695356,-0.117482036933243,-0.554480988096345,0.584197771341924,-0.491721121851909,0.668729166228629
0.331381271434112,-0.0389567470279016,-0.4951360096204,0.529346877081177,-0.448547840447126,0.526129953897985
0.333607149035904,-0.006119257178808,-0.467521694451362,0.511438642426903,-0.480533024940289,0.472863657845571
0.322847994126364,-0.0842635620233765,-0.530580975192742,0.558828714239343,-0.616387975545913,0.550050394975758
0.331528771121464,-0.0376808852732596,-0.494092749341649,0.528597752681957,-0.47544556122801,0.486644379743702
0.318253347050221,0.10022964774764,-0.367120574727119,0.473157524723935,-0.369217104414642,0.46112525175209
0.31474174001593,-0.110764670757552,-0.549799401286461,0.578795492104682,-0.558816622080568,0.562676338045879
0.316740161978165,-0.104913511934021,-0.545657609066626,0.574204707081939,-0.492104994325971,0.56732531784052
0.324795829842903,-0.0764123295872076,-0.524666746793102,0.553309854105016,-0.621207158100665,0.545381480343096
0.332298497192075,0.0301477024028812,-0.435192182423518,0.494952054575268,-0.451093918868078,0.494397689942139
0.328394501250989,-0.059061211843295,-0.511253169584766,0.541730231082547,-0.576810802550462,0.541145163957202
0.327364748007991,0.0645251653074096,-0.402751639834138,0.482551932266583,-0.443010180205077,0.427515746066375
0.329786734755425,-0.0507137533183959,-0.504635202934245,0.536455679407913,-0.491772535794034,0.527268787191486
0.326438370232551,0.0690591459272415,-0.398339104286258,0.481157412247892,-0.366664086791208,0.533788254328431
0.327398712689075,-0.0643526077623972,-0.515393193637798,0.545172710780823,-0.524820664688173,0.478884206106521
0.330658030646834,0.0446815618017305,-0.421693714233217,0.489320397978225,-0.448089084700196,0.464793233032731
0.319817094653014,-0.0951220330101775,-0.538596698066564,0.566755941408967,-0.486440395078599,0.591447720432019
0.313719427964798,0.113627882642089,-0.35320794377832,0.470606481674021,-0.338456162584117,0.50022974171056
0.333347276600079,-0.0145178641540138,-0.47473482608901,0.5157484991281,-0.445308867588918,0.545181449141553
0.331590200151812,-0.0371364290093346,-0.493646816333589,0.52827939768919,-0.458545945239512,0.49794273161587
0.322505574968199,-0.0855647667601294,-0.53155162760571,0.559760496692507,-0.489147270382285,0.505149571904915
0.333663177947045,-0.000242649053207054,-0.462413420240359,0.508532924462963,-0.381050120934654,0.565095106366
0.333427828024181,-0.0125323060671918,-0.473038823935082,0.514712880403885,-0.449248042895379,0.508030519117313
0.314485394379222,-0.111490411778007,-0.550309003833735,0.579372309543775,-0.527920839034027,0.596743576329188
0.318299584235577,0.100082715149735,-0.367271454670114,0.473188545820605,-0.355598479876712,0.524244087808168
0.316696334408156,0.10504573750858,-0.362154940558532,0.472176970667939,-0.34328401310967,0.479245952054101
0.32547512870388,0.0734650651090489,-0.394020560072602,0.479857360728193,-0.394652915715445,0.486819155572596
0.333582262312299,-0.00735183425360757,-0.468586733657425,0.512059574857915,-0.468314923302692,0.561716904008403
0.324678633797206,0.0769087768194494,-0.390623939068563,0.478879342202994,-0.382883966222485,0.521528560456548
0.319246548828536,0.0970196694353968,-0.370408562119194,0.473850019812063,-0.442371004375244,0.465196967034723
0.330614514738707,0.0450024203835013,-0.421392164926201,0.489202449348753,-0.383138717705574,0.473745892355256
0.314848569011845,-0.110460643613361,-0.549585646938134,0.578554340663996,-0.527450023835163,0.583222997985852
0.319255637490132,-0.0969897578461449,-0.53995594750046,0.56815453755693,-0.530039128062379,0.550408883130001
0.333090199560168,-0.0195472287870047,-0.479004968248471,0.518418046496854,-0.453008873744482,0.548738419597532
0.325474468597856,0.0734679895412118,-0.394017683546769,0.479856515954512,-0.41128003621905,0.502601411404683
0.332845762386486,0.0233425289470305,-0.441405196108524,0.497781956677312,-0.471978421186544,0.427313497508601
0.333583369140917,-0.00730144019211407,-0.468543232828101,0.512034109894701,-0.449484003502795,0.509999661292828
0.311544217984482,-0.119462862165284,-0.555846277602173,0.585818167359143,-0.51935947665724,0.614248575405134
0.323185412980307,-0.0829600146638885,-0.529605844821075,0.557900162700829,-0.511401254531211,0.579596067472121
0.314657028059466,0.111005089473721,-0.355955766475208,0.471062122286812,-0.365369208986097,0.469213560984024
0.332815840564357,0.0237653416917371,-0.44102115844087,0.497602566035558,-0.489279460492303,0.401321207654823
0.333659135511638,0.00166026681905477,-0.460748515293117,0.507611405784455,-0.431564954066594,0.509542615589478
0.325538084782591,-0.0731855897862866,-0.522207757261809,0.551092611983972,-0.503582555985256,0.592116315749694
0.312853544410994,0.115990667494255,-0.350722202906732,0.470214564711277,-0.307604464448733,0.573881133230344
0.331712713004066,-0.0360257023216281,-0.492735719319789,0.52763238501142,-0.475993099165395,0.567375927307894
0.333486443943167,-0.0108612569450109,-0.471607004776446,0.513849320972427,-0.483652462981593,0.442704783039523
0.322464470698085,0.0857195446423303,-0.381847938268657,0.476531160391833,-0.366697335423049,0.500822284144266
0.325006477908589,0.0755113535419535,-0.392004506380862,0.47927216210329,-0.384700263185194,0.525917455148885
0.33330537598822,-0.0154499687260464,-0.475529014429375,0.516238233213605,-0.520503572214197,0.516787665529383
0.332081308931148,0.0324527264626573,-0.433072263904682,0.494021327907374,-0.44552878058771,0.448075314212434
0.312537442666015,0.116839728380681,-0.349826552434047,0.47007805488446,-0.369701708683311,0.437810607069493
0.330916741014323,0.0427233626104455,-0.423530730699104,0.490046239304587,-0.439714654717989,0.496820255995368
0.328067648911125,-0.0608505787500112,-0.512657989599121,0.542885716740698,-0.521214394483849,0.593735933302123
0.328551643582584,0.0581806900566401,-0.408872992891557,0.48459891151881,-0.438412114531757,0.466562346466809
0.33327943267485,0.0159998422559169,-0.448032716319673,0.500972425861254,-0.440291209264945,0.50433231741644
0.310904697500098,0.121117481267803,-0.34529455033922,0.469425380729476,-0.334830917020275,0.522451241884009
0.329591014337718,-0.0519705538176967,-0.505638364555875,0.537237677322129,-0.518999475860839,0.578476886430887
0.333662352600387,-0.000780803085954855,-0.462883306638726,0.508795254821081,-0.475921153781507,0.517333719650716
0.328871364255802,-0.056345372204043,-0.509111637632189,0.539993272773437,-0.450225143240856,0.521162921728726
0.315179011039137,-0.109514228284163,-0.548919219206545,0.577805496229344,-0.504442580648015,0.578293220711502
0.318242848291023,-0.100262977753014,-0.542324042600719,0.570630792010067,-0.576519110907349,0.579779175496561
0.315273415202317,-0.109242156985989,-0.54872735076587,0.577590737204414,-0.529552446044432,0.627184156237312
0.308645167366492,0.126764884165902,-0.339260929672165,0.468654629430919,-0.3543636803817,0.483588794225013
0.332642949128557,0.0260738104491925,-0.438919763343001,0.496631454252408,-0.450918018924599,0.472284357135704
0.325106833238356,0.0750781071818667,-0.39243190123799,0.479395073603329,-0.416119573688881,0.477816752590336
0.32032181584275,0.0934082945540049,-0.374087219906549,0.474665927018391,-0.421049760338081,0.394105540247208
0.322714995459822,0.0847714981680234,-0.382798212806783,0.476773096490582,-0.345151056403658,0.529979820310861
0.314209511602581,0.112265569141887,-0.354636697373083,0.470840454344027,-0.41567858240925,0.416221204576698
0.311737557666945,-0.118957430773082,-0.555498572865518,0.585403507810664,-0.559385430596476,0.657178662484693
0.320393574434747,-0.0931618626757248,-0.537163964244968,0.565299277248885,-0.530024905850986,0.55095859534893
0.328446598037153,0.0587708042662784,-0.408306232711701,0.484403841670905,-0.460756124541085,0.443273748720131
0.319516057353219,0.0961283740096486,-0.371318470908683,0.474047778188994,-0.344617514902754,0.468766131753963
0.332033470429002,-0.0329385748197619,-0.490193835960138,0.52585135426369,-0.484016442943476,0.612715891368033
0.325408169343733,-0.0737610908314462,-0.522647527180938,0.551485908173202,-0.528377704779864,0.568913631798637
0.333068875790056,0.0199072644085703,-0.444515701228475,0.499256941402255,-0.460807215984286,0.426609685931659
0.310773949814907,-0.121452572277106,-0.557210620942419,0.587458541289707,-0.566564115685484,0.528518847448305
0.312446792653189,-0.117081924125885,-0.55420436119242,0.583871987130225,-0.533844202629308,0.639718166604677
0.314514694435719,0.111407729445898,-0.355534711627719,0.470990773684521,-0.415065884813786,0.452267637453187
0.332668378799891,-0.0257473288505087,-0.484218119083597,0.52180068332653,-0.469627092420192,0.556962118593906
0.325343841076791,0.0740443128787331,-0.393450539088262,0.479690506009582,-0.438734853281977,0.407820687250042
0.326869672677851,-0.0669880010133075,-0.517439059820518,0.546916159226525,-0.52082194995089,0.516535602558972
0.33245156209474,0.0284101048405579,-0.436785060554987,0.495662978911121,-0.401555302106281,0.52727574463978
0.317880044469472,0.101407359320567,-0.365909912943086,0.472911237471968,-0.333077326640963,0.41583945909644
0.331941056337247,0.0338572047575783,-0.431776723846869,0.493461143982577,-0.459948170659399,0.479751609359887
0.31532024875348,0.109106901350591,-0.357936981653088,0.471405293175295,-0.348231269067275,0.494996694562604
0.308683728536552,0.126670955364901,-0.339361758620103,0.468666592154342,-0.379780086480876,0.407293879526792
0.32114234988547,-0.0905470391913643,-0.53524289225135,0.563373803560333,-0.537486566110336,0.548189507987273
0.310692814060745,-0.12165997898775,-0.557352429703629,0.587630270231553,-0.517151861080454,0.65618811576992
0.31640804469123,0.105910926966754,-0.361258715551289,0.472008315707104,-0.420190977980354,0.503379573257573
0.320993113260362,-0.0910746750513256,-0.535631440772262,0.563760715976634,-0.480514443216852,0.547540124183597
0.316508316347581,-0.105610893752037,-0.546154338798853,0.574746328139176,-0.523173570178299,0.602241452639933
0.328886941858206,0.0562543746871434,-0.410719377542873,0.485242323949355,-0.452691782060245,0.470347122228619
0.322853226876758,-0.084243510679154,-0.530565996277168,0.558814393968045,-0.474276374420268,0.540957900844644
0.321818118875122,-0.0881151153886891,-0.53344616439971,0.561601041270421,-0.51289546457749,0.610972249653838
0.333617590085016,-0.00552075920054891,-0.467003748475953,0.511138574414539,-0.438466459092552,0.503514678965328
0.313154873011881,0.115174653050041,-0.351581792846019,0.470347920007966,-0.341979771203033,0.501021993220013
0.327700507486983,0.0627977116546314,-0.404424465350948,0.483098270385829,-0.405820734478208,0.430407693598838
0.330611619315529,0.045023686764281,-0.421372172909132,0.489194641552627,-0.384564437838232,0.506696820558785
0.3148453165886,-0.110469913634928,-0.549592166842563,0.578561689296729,-0.585857359764686,0.589256198967771
0.329801822062606,-0.0506155446524995,-0.504556713616623,0.536394753256595,-0.558554298987408,0.529675787040846
0.314217506033457,0.112243191768581,-0.354660139021129,0.470844346245617,-0.360905304419331,0.446893659144677
0.320637742049373,0.0923180024142865,-0.37519359471143,0.474919858326201,-0.376644283127465,0.496773123087896
0.31806560230982,0.10082384551075,-0.366510043981944,0.473032739795245,-0.398165661136087,0.426055024032939
0.332855989966363,0.0231962311550111,-0.441538016200472,0.497844137627086,-0.434363418709677,0.454662010372371
0.322015559573714,-0.0873908152422918,-0.532909185968463,0.561076400730711,-0.510820276017958,0.585287126815628
0.322921317771464,-0.0839821274142641,-0.530370676518586,0.558627825554283,-0.499840768926015,0.604750533937223
0.327375981264276,0.0644681478525359,-0.402806927583125,0.482569833133014,-0.361251673016017,0.520955563494682
0.31346542906842,0.11432672467641,-0.352473757739553,0.47048872561781,-0.35771242237868,0.427407104389031
0.331098168050666,0.041293804738449,-0.424868203404174,0.490582633042523,-0.439619091364077,0.508148840892731
0.333465570401408,0.0114842741672083,-0.452069313562086,0.503004883762308,-0.456522950742742,0.50714796182199
0.332682383130716,0.0255657417406874,-0.439382929465326,0.496843977183451,-0.452490363143758,0.491502240410814
0.326440932950887,-0.0690470310037911,-0.519030005992351,0.548291772738206,-0.521727158378049,0.534863558142637
0.323195752977484,0.0829197229469639,-0.384650168636041,0.477253157806038,-0.352456847888415,0.482529610194039
0.325134671212694,0.0749574597468286,-0.39255086654957,0.47942939576872,-0.395351253792998,0.520069741846938
0.332847355351396,0.0233198034268271,-0.441425830098437,0.497791612000507,-0.441510935320678,0.475211458542439
0.333245248543905,-0.0166966918638162,-0.476589284415746,0.516896838898223,-0.521620213868359,0.462721969002181
0.333408697772807,0.0130313255551791,-0.45068971317895,0.502302526819038,-0.479781560716715,0.494971797987666
0.331441005238961,-0.0384452239227647,-0.494718032493907,0.52904601309819,-0.432794621764096,0.581182816956946
0.308685059475543,0.126667711958749,-0.339365240001616,0.468667005754182,-0.353680704101671,0.453940080516994
0.331788475679216,-0.035321135354719,-0.4921568350283,0.527223670476724,-0.563205303182068,0.558439103540493
0.311547692898984,0.11945379962816,-0.347061000580373,0.469672227294376,-0.354801715225085,0.503906339184363
0.310687460312724,-0.121673650396106,-0.557361774435049,0.58764159480744,-0.596047362446341,0.617609826245923
0.325750635125249,0.0722336411361138,-0.395230619634757,0.480215221937841,-0.41852578561826,0.516639202539275
0.333295103021061,-0.0156700190958657,-0.475716320398622,0.516354182223934,-0.461292257062368,0.51294943785392
0.331912216431387,0.0341387723840309,-0.431516644870138,0.493349470376479,-0.387144397281086,0.399683779301273
0.330110256054645,-0.0485632993506545,-0.502913213124408,0.535127571959985,-0.465459106073784,0.606458712297824
0.315519519126462,0.108529296719782,-0.358538614695999,0.471511939660271,-0.412236021398488,0.423283145287746
0.325816520243233,-0.071935876535115,-0.521250998809349,0.550241775466453,-0.465733663015316,0.659825641168339
0.332043363585575,-0.032838695087685,-0.49011136131741,0.525794154886652,-0.542665962625481,0.511495827710533
0.329882452170564,-0.0500873531564562,-0.504134328319309,0.53606752530636,-0.449719358300062,0.5164847331662
0.311921147689172,-0.118475199179213,-0.555166402673993,0.585008646353631,-0.583356760214879,0.515937234012719
0.332525659100688,0.0275292796116651,-0.437590825491181,0.496026415725084,-0.445580015826744,0.46889733696958
0.322121660025922,0.0869989157313388,-0.380563260034583,0.476208807518048,-0.295593864544672,0.512711847478272
0.332862075869541,0.0231087352337628,-0.441617436540099,0.49788135300168,-0.421893728614988,0.529049842461199
0.331746386749126,-0.0357142839097093,-0.492479943358063,0.527451570173004,-0.433107093207234,0.518309090978886
0.320406331895228,-0.0931179771995151,-0.537131814846583,0.565266794884384,-0.52860674258986,0.628459194224441
0.31864474086373,-0.0989783022493859,-0.54139674632457,0.569655071555297,-0.464051150997313,0.646354978623309
0.310114671221015,0.123126219343267,-0.343155083502802,0.46913928313541,-0.335403396509263,0.456631500043941
0.333484398409682,0.0109238827170807,-0.452568186974429,0.503260849364935,-0.463363232435315,0.41055754137255
0.316222398073222,-0.106463938275384,-0.546760814707708,0.575410873991922,-0.614262686111446,0.538648024574802
0.32755993796617,-0.0635268623173158,-0.514749957986305,0.544630403647645,-0.472634455766611,0.576719385259873
0.325032555728501,-0.0753990246149329,-0.523896307268217,0.552610390703368,-0.508076077736083,0.594509122541687
0.330132538086921,-0.0484115946088556,-0.502791471623973,0.535034352730646,-0.510632765122663,0.509155344740624
0.317027440211277,0.104042190237276,-0.363192889011803,0.472375467990222,-0.309384481795063,0.466389606474671
0.333619186914784,0.00542340470581171,-0.457440525456503,0.505816968299896,-0.402906076745099,0.562004849677979
0.321991502785965,-0.0874794108914788,-0.532974914291991,0.561140492115295,-0.564293950916118,0.583122744668322
0.320677533538933,-0.0921796869145842,-0.53644368939511,0.564573669821081,-0.545798595739839,0.540851430686878
0.314295547335204,-0.112024480010169,-0.550683431880769,0.579797837938035,-0.592101355186634,0.578484438433433
0.320803374314262,0.0917407773286642,-0.37577854381277,0.475055716323705,-0.34583895248677,0.484563707379591
0.310764072184767,0.12147784421624,-0.344911271423139,0.469373091089909,-0.353570755493937,0.46906864944509
0.31489990821242,0.110314201280224,-0.356677596651406,0.471185728360059,-0.345609485767135,0.478923024571416
0.33282113750616,-0.0236910452574357,-0.482495412218313,0.520667582054011,-0.496757230572507,0.475550126173548
0.317201892038595,0.103509105316488,-0.363743551841698,0.472482161104331,-0.334329331292171,0.447383610922594
0.333638533480721,-0.0040625328451427,-0.465739599597378,0.510411394696571,-0.458002377740451,0.520122688961888
0.333568626670528,-0.00794647704470891,-0.469099757656741,0.512360560498537,-0.457088022151495,0.534751840654874
0.322372613739455,-0.0860643544510535,-0.53192357694804,0.560119551334606,-0.490045479768549,0.529208302322986
0.315915777573899,-0.107370371500537,-0.547403882658756,0.576119464799512,-0.55247448098321,0.599428751599513
0.331840134530646,0.0348324605930553,-0.430875396759716,0.493075244205895,-0.502541534772975,0.42148561186354
0.329993141008156,-0.0493528325818879,-0.503546246272645,0.535613727995193,-0.474122244399136,0.599245249805255
0.333546773433577,-0.0088161855886882,-0.469849164201662,0.512802443227173,-0.455024647677291,0.510667527716658
0.325109040509322,-0.0750685485099584,-0.523644688404892,0.552382899329301,-0.507223334935117,0.536680228963271
0.308409448269922,-0.127337297812253,-0.561203787053664,0.592385557281993,-0.544240605920365,0.640098648143331
0.324589686577748,0.0772833136171317,-0.390253395677449,0.478775001338666,-0.364088657230283,0.483261302585172
0.331873051317927,-0.0345174304549534,-0.491495599238512,0.526759061140964,-0.452929471573907,0.547483886390505
0.309760918721069,-0.124013500996318,-0.558956134053617,0.589588745946683,-0.555545592898356,0.513154585658779
0.328918486031327,0.0560696419031174,-0.410896148091561,0.485304560670577,-0.432689958914921,0.412542502971339
0.325546124553859,-0.0731498187574482,-0.522180405623105,0.551068196982714,-0.481482803519133,0.589914569336134
0.330004907896278,0.049274090155509,-0.417362849959547,0.48765862162426,-0.431218071618262,0.447968417898537
0.327046280182142,-0.0661203888018545,-0.516766714861374,0.546340057311975,-0.545340746235141,0.541954368197334
0.328048224457867,-0.0609552100014834,-0.512739983165521,0.542953555249216,-0.484492087484388,0.575143230159624
0.319828800280999,-0.095082667753388,-0.538567987524279,0.566726575613724,-0.507284730729207,0.505626416808536
0.331168708474579,-0.0407242154444182,-0.496577251460912,0.530391840990749,-0.512191071838273,0.552808656525991
0.327025637079197,0.0662224122879075,-0.401103582419776,0.482023207107544,-0.366049331848083,0.524227556649555
0.318192738999274,0.100421890265141,-0.366923112872993,0.473117035990444,-0.356994274820994,0.458047206542875
0.329116412685667,0.0548959205879827,-0.412018068542385,0.485702167496628,-0.351984313994713,0.549456143625093
0.327070551556857,-0.0660002234888469,-0.516673502428818,0.546260431659716,-0.516358912170902,0.497328956579617
0.333420119525634,-0.0127357407242953,-0.473212856240634,0.514818511068397,-0.473977069242356,0.568870543142462
0.314708901178059,0.110857939343932,-0.35610957627444,0.471088323943057,-0.353738250564106,0.463747132991308
0.33228737918954,0.0302699988046157,-0.435079904060028,0.494902319387024,-0.364985939894025,0.450090741434109
0.327668906547453,-0.0629623925711278,-0.514309645462034,0.544260775284233,-0.529484113794123,0.477870595998229
0.331896004634554,0.0342960246078783,-0.431371342739903,0.493287193774047,-0.438739308253919,0.46382816989456
0.329736446014311,0.0510397038210043,-0.415689391690805,0.487034922321203,-0.405454220677455,0.507602595705747
0.332708569670968,-0.0252226656755997,-0.483779158705726,0.521510510033682,-0.468084405574314,0.479596037896576
0.324041117726261,-0.0795520535184331,-0.527043638273962,0.555495682010303,-0.561601068779505,0.52310389906381
0.329840237241086,-0.050364601587108,-0.504356091397123,0.536239193386935,-0.521072159639625,0.560975068031118
0.329839100385095,0.0503720463494913,-0.416322753774083,0.487269777362823,-0.467354983940032,0.436108336694188
0.331915977896841,0.0341021819399928,-0.431550449441418,0.493363970727435,-0.456469859659315,0.446344836936693
0.3272430183667,-0.0651397123614765,-0.516005350151424,0.545691400258967,-0.520852344071985,0.592091128336184
0.312439168213014,-0.11710226881937,-0.554218433807484,0.583888540079999,-0.572107232493702,0.553268012769188
0.333561473268707,0.00824128309752762,-0.454949952774619,0.504497567977136,-0.524362283849009,0.477965354473646
0.322931626651179,-0.08394247854756,-0.530341039140761,0.558599542494554,-0.537896370344443,0.565976651393418
0.333613901478936,0.00573933239038591,-0.4571618699279,0.505668007452384,-0.494273047352129,0.499360645080044
0.31957730011281,0.0959245768762698,-0.371526338776695,0.474093329222175,-0.403920284734423,0.441133467794354
0.332335796199373,0.0297337142115316,-0.435572094619083,0.495120708547007,-0.434803285857814,0.475508964232336
0.328301326333937,-0.0595769613496882,-0.511658583626105,0.542062373482124,-0.518766863001675,0.498067913290854
0.320810999904712,0.0917141076194012,-0.375805557189963,0.47506201715496,-0.37905981552437,0.54211977354524
0.321661106638604,-0.0886865698531238,-0.533869225672253,0.562016049953479,-0.528919846661699,0.56061955063333
0.327724590539408,-0.0626719071998099,-0.514082862371579,0.544070901937517,-0.508617927947873,0.497412674687682
0.330673294043718,0.0445684619721264,-0.421799970972895,0.489362039880368,-0.440177384216339,0.52824814882426
0.3259645707679,-0.0712620081135995,-0.520734082472591,0.549784812548743,-0.486419729602471,0.591844691074859
0.322788227582086,0.084492220533607,-0.383077870662505,0.476844862948972,-0.319843763498027,0.465518660833708
0.330484070045526,-0.0459505673787417,-0.500811691463799,0.53353079020695,-0.541806506289817,0.445199330523635
0.333649386616561,-0.00304335451054564,-0.464854225441129,0.50990646413529,-0.503520862031503,0.508063953794982
0.326531396038041,0.0686179466155332,-0.398769886100184,0.481290595061832,-0.404637938146796,0.490322011870084
0.327866770289602,0.0619237929728922,-0.405268998643103,0.483377806967101,-0.473488855195116,0.458280279835214
0.331760924323131,0.0355789866149388,-0.430184508959844,0.492781561713545,-0.448191733668946,0.393388923293332
0.327208026038912,-0.0653152577274462,-0.51614174697537,0.545807316370594,-0.588085456199695,0.532854742065209
0.328028977947114,0.0610586998162934,-0.406103848094338,0.483656597009108,-0.435631368121517,0.488719884246658
0.33101595309366,-0.0419477531434076,-0.497572231338181,0.531120122358819,-0.539074016518284,0.559826529381396
0.32966800640852,-0.0514799062442481,-0.505247019996559,0.536931879584742,-0.496835488904627,0.552541912220765
0.319458330517063,-0.0963200407990729,-0.539469221991256,0.567651841162477,-0.551574553311066,0.525567698052661
0.309271799809592,-0.125228307657733,-0.559779969886066,0.590606727800822,-0.548876556765163,0.559252811499858
0.315253185954726,0.109300521232422,-0.357735178331678,0.471369775615064,-0.332533893873086,0.424513353721447
0.316512525394388,0.105598278701648,-0.361582726335666,0.472068996565816,-0.332116064111312,0.553533425028444
0.332234955659077,-0.0308400621674982,-0.488457912615154,0.524655142831715,-0.525787050671172,0.488075022112627
0.329498053012396,0.0525567146740024,-0.414247802198561,0.486505797678677,-0.37708632271656,0.471501617263581
0.330611319903498,0.0450258853100184,-0.42137010607012,0.489193834442088,-0.428783726913294,0.419409709490543
0.31949855887309,-0.0961865171128612,-0.5393720928621,0.567551777044645,-0.498254911657219,0.640694117564311
0.324503311840803,-0.0776451917418888,-0.525601933386455,0.554164805512763,-0.49128633317972,0.607617288986505
0.317102946781017,0.103811831402206,-0.363430902862035,0.472421466273519,-0.377732176237737,0.43739060075695
0.317987196307335,0.101070857228405,-0.366256067857072,0.472981179947693,-0.308337651894138,0.541919077660777
0.332124733414446,-0.0320052597344203,-0.489422585952924,0.525317894417581,-0.452982855428719,0.518953816345135
0.327261878417744,-0.0650448931951909,-0.515931656902683,0.545628824857166,-0.506798655446702,0.526759241530235
0.332578400206594,0.0268846222273376,-0.438179824030087,0.496293708614229,-0.451659521322623,0.473055311415948
0.332044992749674,0.0328222178737723,-0.432731714790485,0.493873445965461,-0.422611093544965,0.444245807116299
0.31020165776786,-0.122906902631038,-0.558203341838627,0.588665645339785,-0.50626522755032,0.577741081151942
0.323198040629311,0.0829108058678641,-0.384659073265807,0.477255493447125,-0.40962014852712,0.46450163714091
0.333630128875187,0.0047023720620808,-0.458075948068588,0.506157916835417,-0.487327775994082,0.476035816582554
0.316559929221423,0.105456087579674,-0.361730029880024,0.472096693204695,-0.350698074952637,0.466707812385931
0.318806878956891,-0.0984548075314296,-0.541018088409092,0.56925889777521,-0.52704903640381,0.594184164257021
0.313387846308087,0.114539220281364,-0.352250345109654,0.470453225425879,-0.327131197375804,0.512808083048103
0.315071100368042,0.109824300176035,-0.357188936958864,0.471274277419915,-0.339247938347544,0.49734515463294
0.316909290348384,-0.10440151764782,-0.545292399402541,0.573808015191456,-0.577544390748833,0.519941023171746
0.332924509331339,-0.0221911307231364,-0.481234902804281,0.519848103340693,-0.41282892472461,0.589364084979001
0.330439381657712,-0.0462708358034896,-0.501069846894319,0.533725532830916,-0.477711740222463,0.569965921844516
0.321401063780121,0.0896243906383251,-0.377918584371454,0.475562225679819,-0.365304293861034,0.492018278089812
0.313225491743058,0.114982461787022,-0.351784076332049,0.470379635588575,-0.335296939278008,0.570115973057693
0.328270742349049,0.0597452501366321,-0.407369186356023,0.484083819633229,-0.389661253685497,0.599698516516351
0.330190868839083,0.0480121373360487,-0.41855605826242,0.488109576540795,-0.391258875227497,0.561682740417283
0.331607453044927,0.0369820535035683,-0.428883776408855,0.492233615586633,-0.409947744973496,0.454390225571529
0.330180767893633,-0.048081552693891,-0.502526496800084,0.534831764175703,-0.516853574486673,0.548867980171911
0.328132567264249,0.0604995330300776,-0.406642855713186,0.483837895184099,-0.432282762855712,0.510444845947883
0.321674216923363,-0.088639005877918,-0.533834033185101,0.561981471055984,-0.58131577602941,0.575173385096019
0.326726924121062,0.0676808115397103,-0.399683890117603,0.481575287945006,-0.430957112717064,0.46184895736247
0.316671081827593,-0.105121839455112,-0.545806083022345,0.574366348375301,-0.568392745686684,0.66785790197992
0.311408677650456,0.119815736363296,-0.346677129037908,0.469617765578924,-0.296696350096702,0.458874289982501
0.332442091282036,0.0285207142321278,-0.436683796093946,0.495617485584942,-0.40658711024401,0.500221300154611
0.317738882962934,0.101848796997073,-0.365455522949236,0.472820004108249,-0.344226104789812,0.43866700185331
0.324082602383569,-0.0793828824657923,-0.526915967972169,0.555377191015355,-0.483945959662369,0.548223959824085
0.309448700467691,0.124790532393853,-0.341376912627665,0.46891220756771,-0.313713122066506,0.467343181270568
0.326800381629455,-0.0673252238253027,-0.517700071605393,0.547140643797207,-0.530540625999277,0.523969021893699
0.325821962088952,-0.0719112245535405,-0.521232101087232,0.55022503599277,-0.557069278213483,0.573443726608415
0.332675363568001,-0.0256569224807349,-0.484142509286055,0.521750630782171,-0.464213397538414,0.529215084259087
0.325575678248935,0.0730181684858659,-0.394459978175519,0.479986738213297,-0.343805916339188,0.508971541289162
0.321891806467635,0.0878455469861001,-0.37971166002769,0.475998107332821,-0.432561173675383,0.449631393901099
0.332820757013151,-0.0236963899671909,-0.482499897942182,0.520670512749947,-0.514785741523281,0.565230780035006
0.332683459504412,-0.0255517312223809,-0.484054519281546,0.521692419922987,-0.538563219397516,0.541928072696588
0.326092355478257,0.0706749665364372,-0.396758848483462,0.480674303513734,-0.423537910990181,0.422270493898776
0.327207192267101,-0.0653194345119767,-0.516144991711364,0.545810075427096,-0.550989056403173,0.550762721673724
0.319991731168672,0.094532889408716,-0.372943985532104,0.474407693317277,-0.320135535627278,0.534155394627959
0.330253321241868,0.0475806578874206,-0.418963483545081,0.48826475210669,-0.441418397855738,0.456906037912711
0.31048310823775,0.122194168008583,-0.344148699911203,0.469270401245315,-0.374844261861884,0.407047133870653
0.323537578605318,-0.0815757955921472,-0.528567384963956,0.556919507720132,-0.50677158950225,0.563464835339292
0.325407893775732,-0.073762306530681,-0.522648455608808,0.551486739968876,-0.4864930677275,0.560792746462038
0.330068068303365,-0.0488492116903608,-0.503142560720726,0.535303428015944,-0.543027612602093,0.512799597154416
0.32714874592508,0.0656115327966938,-0.401697270166149,0.482212586094041,-0.424840612493442,0.466594861440534
0.331864615142903,-0.0345984452300561,-0.49156229624966,0.526805816584903,-0.512323589520824,0.498932020400924
0.332541037461893,0.0273428893874091,-0.437761185886628,0.49610358531336,-0.450510814227647,0.418683499993969
0.332265958791872,-0.0305042263367323,-0.488179500260357,0.524464791944756,-0.491761970358948,0.486558282107781
0.333400980452792,0.0132272986433749,-0.450514702620074,0.502214003869432,-0.456844433890992,0.480864155571392
0.332313642100232,-0.0299803013721239,-0.487744827244032,0.524168429944299,-0.49048209518691,0.493927839794389
0.330850704539766,0.0432317765286676,-0.423054330825534,0.489856796203166,-0.416520807519922,0.42952137334048
0.309719661600609,-0.124116503392129,-0.559026090815353,0.589674871988151,-0.556759829521612,0.580742115497019
0.323623994244326,0.0812322937361272,-0.386332974710601,0.477699220177948,-0.385922135502868,0.587055644130122
0.331346026548969,-0.039255393088012,-0.495379860179622,0.529522855988763,-0.470828124521763,0.55861918228488
0.328894806316732,0.0562083763701055,-0.41076339812325,0.485257812118435,-0.428037124869705,0.441116425142016
0.312225660997469,0.117670352302428,-0.348949113935821,0.469946732418565,-0.342388253890028,0.457635418795763
0.333657604728164,0.00194370865835097,-0.460500074054533,0.507474955901595,-0.45799770778707,0.541564179482328
0.330825754939793,0.0434222876504742,-0.422875716417401,0.489785987564722,-0.481827956601066,0.481303607353234
0.333151406302936,-0.0184747307060272,-0.478097476530621,0.517843192444859,-0.468550860793249,0.55758736904533
0.321171603079411,0.0904432229173933,-0.377091468598418,0.475364695903814,-0.397178217134629,0.549677313585665
0.33121823849345,0.0403193958980048,-0.425778098904527,0.49095138726691,-0.420727244538738,0.441848191623753
0.333661400581651,0.00111577693788938,-0.461225440851172,0.507874115459397,-0.477581584460374,0.505631793440001
0.331885733456204,-0.0343952776485652,-0.491395016159354,0.526688597044242,-0.457929948344929,0.519428141281009
0.330137888379582,0.0483750953751539,-0.418213117708851,0.487979433373636,-0.447537906883878,0.460595361190094
0.3172683862379,-0.103305112604765,-0.544508826410489,0.572961216961398,-0.5765203841602,0.530746184447537
0.312826012170472,-0.116064901265644,-0.553499942084145,0.583046192567129,-0.572608220065921,0.547132879814371
0.319723553007401,0.0954359725083142,-0.372024422328494,0.47420304208828,-0.385731653868992,0.444771140987918
0.331292590541928,0.0397038366949928,-0.426352174401402,0.491185649264284,-0.409103382722117,0.404175692320645
0.33240843405759,0.0289103470000841,-0.436326938222658,0.495457488827717,-0.444770983842856,0.472006972122364
0.333036485274316,-0.0204419830842002,-0.479760773644339,0.518899947607488,-0.540020164462133,0.444336499039992
0.333661851716884,0.000971547808494184,-0.461351700603429,0.507943834325201,-0.423857097570381,0.531427027187813
0.322122021669341,-0.0869975767015426,-0.532617292282481,0.560792202201828,-0.543801316856513,0.562769086963463
0.316775138764921,-0.104807855892339,-0.545582280294199,0.574122779365015,-0.54525779746197,0.595257455124887
0.330135021725472,0.0483946549383983,-0.418194631248471,0.487972430159894,-0.4341762570788,0.48105062554968
0.320609326251661,-0.0924166387440078,-0.536617602176779,0.56474846326454,-0.524236715695446,0.552996084858594
0.333578434869912,0.00752349559875471,-0.45558546577215,0.504831678466765,-0.464306478137799,0.496867954756693
0.30862174546784,-0.126821896455889,-0.560856585347286,0.591949484313933,-0.584235328041066,0.557131883593678
0.333085455239042,-0.0196279062684919,-0.479073165197368,0.51846141169907,-0.496035306954409,0.534012608492564
0.325873834808434,-0.0716757907771479,-0.521051574307068,0.550065255131162,-0.444869602969014,0.636517992120315
0.331034131964882,0.0418040508867452,-0.424391174797565,0.490390551131323,-0.427554596385721,0.457054392507296
0.333662276001285,0.000812877559338052,-0.461490567258144,0.508020596817297,-0.47519565827747,0.496983612907918
0.332633516445806,0.0261938720540095,-0.438810257219826,0.496581332665819,-0.458749229259748,0.464734140976314
0.324454744369412,-0.0778478904817848,-0.525755460091354,0.554305784693197,-0.512202538138185,0.55150492465791
0.320224043551361,-0.0937429310822976,-0.537589341445647,0.565729899415849,-0.548071145197576,0.547723847999609
0.31059641310838,-0.121905879105533,-0.557520456716888,0.587834051816486,-0.538249790797309,0.666620452749049
0.313977924496649,0.112911638572207,-0.353959523692519,0.470728766821089,-0.344509955839646,0.51586805370756
0.329737683402523,0.0510317091681433,-0.415696979663796,0.487037727364848,-0.421102754506116,0.450145405160953
0.333360628713029,0.0142079703102892,-0.449638087197482,0.501772539734915,-0.47870589306237,0.539809405537424
0.329365189526113,-0.0533830228135523,-0.506762928934467,0.538121657224724,-0.47949471711754,0.575016263642679
0.312366425375906,-0.117296169989318,-0.554352520197632,0.584046369177554,-0.531038641154212,0.555344808544932
0.320867081742753,0.0915177089429899,-0.376004450774717,0.47510848170702,-0.385330610662964,0.51534423224828
0.332701783123846,0.0253120268350317,-0.43961407925856,0.496950360387826,-0.475929122942755,0.403564099930508
0.310089929634687,-0.123188517059989,-0.558395128347597,0.588900182751114,-0.503766244868347,0.625676048206074
0.314537291004429,0.111343916600233,-0.355601461771603,0.471002047658127,-0.313914777783841,0.565975108144814
0.309237169867764,-0.125313797997107,-0.55983784465508,0.590678549400003,-0.525881988261034,0.551870967770734
0.331620687185197,0.0368631933926261,-0.428994080534358,0.49227983104226,-0.432602970760986,0.457745049262355
0.325123490837994,0.0750059391088534,-0.392503065864528,0.479415599253571,-0.350213241003997,0.450540010563449
0.333590984083117,0.00694482071344619,-0.45609726463495,0.505102019047653,-0.418007161628864,0.535338780280822
0.329188764683333,-0.054460374608937,-0.507618652088931,0.538799558765572,-0.4995476125076,0.471819968701533
0.331969954124622,0.0335726786953381,-0.432039416309638,0.493574205170494,-0.4312230797795,0.490253130535306
0.333091771916604,-0.0195204169458866,-0.478982301997885,0.51840363857496,-0.495931107685053,0.447414559032651
0.333442012164177,0.012149062523065,-0.451476909227324,0.50270230211584,-0.467268733683683,0.494986968728451
0.323872652680605,-0.0802351546512655,-0.527558699018276,0.555974973215053,-0.569671296258165,0.534332150914827
0.327530712231899,0.0636773722852082,-0.403573197018417,0.482819029486843,-0.348294081063685,0.523815224143892
0.325214067598472,-0.0746122337980881,-0.523296975471602,0.55206929205619,-0.498698181077491,0.570529213672925
0.317342538621295,-0.103077099191218,-0.544345614872673,0.572785573326032,-0.534277632684501,0.518776542553697
0.317624089857321,0.102206226515768,-0.36508736516245,0.472746565957675,-0.419282899918459,0.467243712989718
0.323027773080115,0.0835717237777589,-0.383998732493918,0.4770830011664,-0.344724619301867,0.533087000607785
0.318697753047216,0.0988074764324032,-0.368579432533676,0.473460512909015,-0.373296845447112,0.471401947990884
0.31635713336764,-0.106062902862845,-0.546475851665136,0.575098177548002,-0.535707532426816,0.651438404179867
0.329547621493377,0.0522450032476022,-0.414544300190083,0.486614010379774,-0.379544025931481,0.456501352027758
0.322534001621745,-0.0854575508316774,-0.531471751492354,0.559683534776857,-0.507703921972772,0.640628315911145
0.322313563640465,0.086285235641263,-0.381280226957527,0.476388041163468,-0.333916373960883,0.504270230631697
0.328325200792577,0.0594452497748828,-0.407657827284758,0.484182066024411,-0.456378029007608,0.407488183781076
0.325860660990737,0.0717356592983191,-0.395719287272049,0.480361151859767,-0.472842284821302,0.438801398055264
0.326543705298554,0.0685593445576567,-0.39882708168894,0.481308325930639,-0.422957321512653,0.44171936994298
0.313679058072405,-0.113739279596335,-0.55188228904003,0.581170185613936,-0.543825064190244,0.590757222852687
0.332422268769613,0.0287508334200466,-0.436473060974468,0.49552294203907,-0.470021604070236,0.536124300974621
0.317456149361411,0.102726668537968,-0.364550916148159,0.472640328658649,-0.378053804269129,0.457336081309905
0.333636489289505,0.00422708065436039,-0.458494392589541,0.506383408653467,-0.467566261537187,0.405068793804171
0.333659346556011,0.00161729777720014,-0.460786168117874,0.507632109597762,-0.438387471305542,0.543657595546043
0.327535982055147,-0.0636502604507994,-0.514846148903675,0.544711325167871,-0.530707532162539,0.519970044550674
0.311035553897865,0.120781039106858,-0.345652176213551,0.469474578884995,-0.354214540758273,0.476454332916096
0.332986234294213,0.0212448338859943,-0.443306638225299,0.498678937614963,-0.438395690345169,0.500826303163187
0.311339702944344,0.119994852251303,-0.34648707119451,0.469590969542234,-0.332373244366284,0.506671431394509
0.312256349512998,-0.117588891418794,-0.554554816213938,0.584284862055134,-0.58203273016713,0.604051997071936
0.323735509190465,-0.0807867271615515,-0.527974044299035,0.55636295371552,-0.545955817913368,0.536556132084915
0.333623084698047,0.00517808389696702,-0.457656803747501,0.505932818171755,-0.488387656130509,0.492814430751525
0.331623628259121,0.0368367259204836,-0.429018639926882,0.49229012731519,-0.475238023789206,0.472893808065771
0.331056197082341,-0.0416289510997127,-0.497313196838926,0.53092997649406,-0.481646706440205,0.539403086576004
0.331401624160018,0.0387832270496758,-0.427209690048848,0.491537895432907,-0.429907308050347,0.52876136276909
0.331514940723842,-0.0378023712636096,-0.494192191501334,0.528668896076779,-0.476554609219763,0.563644263771083
0.321105350408456,0.0906781623950724,-0.376853950302566,0.475308383971537,-0.370865496071165,0.456692469392281
0.333474727787632,0.0112152183772251,-0.452308890438551,0.503127675439994,-0.396829735469406,0.526564329091936
0.330585160667316,0.0452175490584042,-0.421189896360659,0.489123522574677,-0.441149622399918,0.480718799890781
0.327583682067606,-0.0634043093118568,-0.514654402652636,0.544550078062011,-0.522168455400764,0.516290847565788
0.319015964869774,-0.0977751980539625,-0.54052582572979,0.568745805760659,-0.494090532688657,0.623433211131885
0.312179450989241,-0.117792892724223,-0.554695708839871,0.584451232676129,-0.521215708673058,0.550394269380884
0.318294752936846,0.100098079148187,-0.367255679614245,0.473185299051725,-0.442104674806206,0.434742152768178
0.327088043096915,0.0659134831374815,-0.401403889630052,0.482118848680548,-0.37206130019794,0.460381659999481
0.324316494097866,0.0784218518804095,-0.38912563290139,0.478460271885089,-0.339142632523875,0.509046017266411
0.333310007089488,-0.0153497351863083,-0.475443672591016,0.516185460301871,-0.47003706378899,0.510993653633159
0.315261886384871,-0.109275423537669,-0.548750817660269,0.577616983765325,-0.557118849138544,0.523117473897425
0.321435057467582,-0.0895023967673312,-0.534472281224345,0.562610184435524,-0.5239468849739,0.571828467213264
0.327110360497941,-0.0658026386339608,-0.516520186974978,0.546129592451966,-0.552492237814154,0.502948965612814
0.315608170232066,-0.108271224612321,-0.548041594475635,0.576826205377358,-0.531879053684211,0.591567143567311
0.320910219117556,0.0913663311193258,-0.376157708468174,0.475144372625068,-0.417951477705553,0.488480804682892
0.321641366715384,-0.0887581343525453,-0.533922169165753,0.562068089636819,-0.540222869554055,0.602650833949875
0.332263620115595,0.0305296895490909,-0.434841412989101,0.494796840548157,-0.411850834753821,0.507793223033089
0.333579974244781,0.0074549298544986,-0.455646133040353,0.504863664612659,-0.440891169279902,0.517627331705493
0.323899274444537,-0.0801276182760142,-0.527477665471056,0.555899432798441,-0.601631533850393,0.532813529266176
0.326743920181889,0.0675987116774839,-0.399763898572732,0.481600345889237,-0.404429825338222,0.487253382092171
0.332303241783982,0.0300953600433806,-0.435240230362243,0.494973353151152,-0.454803666433357,0.54835088394187
0.321282327016212,-0.0900491062883584,-0.534875799604105,0.56300942221975,-0.548546465267502,0.559311678119488
0.333451524083088,-0.0118851286467571,-0.472484781030877,0.514377564765975,-0.478921514318542,0.584393796714211
0.330256626435419,0.0475577111705415,-0.418985143190495,0.4882730186586,-0.441321857591768,0.474237591718681
0.328751364907811,-0.0570413469996614,-0.509661508840437,0.540436468457074,-0.520726324030627,0.521739205373995
0.332060100342385,0.0326690213641216,-0.432872935892096,0.493934715944949,-0.451413554889113,0.425171308925633
0.313783479143552,0.113450885465263,-0.353393756660174,0.470636550379374,-0.3666972534558,0.490077463215789
0.33320411591612,0.0174983522893277,-0.446686569640742,0.500309784138161,-0.421453052826133,0.509505701003509
0.329832724854058,0.0504137760104457,-0.416283187333099,0.487255063126612,-0.417599480353539,0.509451342168927
0.310368437044416,0.122485135763041,-0.343838681683495,0.469229165154276,-0.363285612380612,0.425228284772499
0.317404022442624,0.102887617007718,-0.364384924734597,0.472607641104432,-0.374146716079009,0.534974206358785
0.331397050477013,0.0388222891058803,-0.427173330721839,0.491522903363316,-0.406962089052158,0.536916720030332
0.309949671527063,0.123540990430503,-0.342712408891026,0.469081844978233,-0.321623208202434,0.495842659221571
0.322099739333017,-0.0870800385730662,-0.532678522958663,0.560851761139541,-0.511324836876721,0.555240733189092
0.333653409228081,0.00256470403029801,-0.459955352659412,0.507176742126095,-0.440766860867918,0.53414444764889
0.331995699261065,0.0333171257529964,-0.43227525686601,0.493675936927385,-0.445601809108474,0.479753120871144
0.324444068126472,0.0778923735280249,-0.389650355606075,0.478606177819193,-0.356169774603922,0.548097469036461
0.332967637567612,-0.0215343337237894,-0.480681899872752,0.519491129811093,-0.554705525048104,0.431425214438992
0.313476224967163,-0.114297119721457,-0.552271178290956,0.581618618467652,-0.564097365945981,0.573445326060753
0.333625550306784,0.00501670995574589,-0.457799025467505,0.506009111097316,-0.452105792901232,0.568069876932324
0.320012007822634,-0.0944642262743441,-0.538116598895277,0.566265833633955,-0.505761622045962,0.66991165877762
0.331843844756365,-0.0347970960512239,-0.491725798321916,0.526920536374285,-0.497233101850482,0.530780871766395
0.329692683590523,0.0513216288046601,-0.415421746242694,0.48693611564,-0.418521677243253,0.504445620310077
0.31964244422377,-0.0957072779204284,-0.539023236344125,0.567193067792506,-0.52397590734604,0.583983136316279
0.325289743063433,0.074281614508638,-0.393216865189946,0.479622423942555,-0.342616332029691,0.452015268166304
0.313068001034224,-0.115410579778109,-0.553045773219128,0.582516640056721,-0.57364336601625,0.541572926292462
0.323464446679492,0.0818652974746567,-0.385702239095631,0.477530929529234,-0.388037599596647,0.479076270269582
0.319902657938474,0.0948338791792477,-0.372637652921885,0.474339215479843,-0.360626728582353,0.457773608190376
0.324253296294274,-0.0786827493074695,-0.526387106607803,0.554887672366257,-0.509864704839399,0.563765882209512
0.332477062958582,0.0281101014355996,-0.437059627195341,0.495786532531253,-0.429996268558151,0.526945071968825
0.308596586451588,0.126883103787351,-0.339134002381318,0.46863961453743,-0.317211509868871,0.515623602981652
0.31234270437712,-0.117359320970562,-0.554396175906037,0.584097797879065,-0.593476064888719,0.509220485551262
0.320328538172236,-0.0933852388160074,-0.537327554871165,0.56546470010858,-0.542761052814228,0.543367546394345
0.325795565543273,-0.0720307203117036,-0.521323695307615,0.550306193325373,-0.53715591471907,0.530925452252099
0.332954390370727,0.021738195167533,-0.442860014493957,0.498466931407067,-0.412749593413536,0.569884678876836
0.330654853509652,0.0447050673503001,-0.421671628481335,0.489311747858108,-0.415798074104163,0.50750215326978
0.328549763294398,0.0581913072157605,-0.408862800607127,0.484595393438432,-0.449390176679505,0.422284324483719
0.33366123880898,0.00116314777258176,-0.461183965294223,0.507851228774936,-0.444502057972888,0.491273839063153
0.331512914553283,0.0378201359155693,-0.428105426930088,0.491908820659623,-0.424747063674686,0.462981768913177
0.31178573021036,-0.118831113911622,-0.555411603563835,0.58530000474794,-0.539293794307583,0.576892535956377
0.324064219655535,-0.0794578928447854,-0.526972582550493,0.555429719780502,-0.547309897846919,0.584470652222585
0.327275224752736,0.0649777074028499,-0.402312648341422,0.482410174618819,-0.432596840592117,0.473964542830929
0.329883789305688,-0.0500785458016157,-0.50412728166911,0.536062075338416,-0.482559619842372,0.525733414697678
0.327300388208274,0.0648508371187111,-0.402435751595493,0.482449859090961,-0.40095546234122,0.509981195674692
0.320990625343575,0.0910834432694825,-0.376444008753744,0.475211624712426,-0.387865376484459,0.496234022121828
0.317280389023685,-0.103268242636656,-0.544482440932178,0.572932804500236,-0.582719304859088,0.454285972756292
0.332679869394995,0.0255984315068988,-0.439353140208995,0.496830282663033,-0.468352443273307,0.472811673384701
0.32866762361135,0.0575218948397249,-0.409505088245917,0.484817813249958,-0.378539204403042,0.594135205877256
0.333177484542004,0.0179983052131897,-0.446236719477306,0.500090018384183,-0.445563871117488,0.516827561451594
0.326468412156847,-0.0689169867309306,-0.51892971983287,0.548204541402778,-0.528039958720839,0.509292268899616
0.316460233976907,0.10575488408374,-0.361420450337904,0.472038564040567,-0.398595603014531,0.439649903213162
0.31298373458131,0.115638908174629,-0.351092890429752,0.470271791100886,-0.327894151522398,0.526306433697532
0.333635873021419,0.00427544494994292,-0.458451827915992,0.506360436203898,-0.497467237225884,0.471895714366281
0.329259634704065,0.0540302521818113,-0.412844191341321,0.485997828547623,-0.406810120794324,0.513964937744567
0.324517684002081,0.0775851014448631,-0.389954664091891,0.478691217666869,-0.410763525624909,0.46311202999957
0.324425110504112,-0.0779712951712278,-0.525848896553295,0.554391671309902,-0.526082381763043,0.553642123926346
0.317881989740209,-0.101401261309167,-0.543143355951088,0.571499488724584,-0.562439273431214,0.54927695683553
0.332217395744291,0.0310286506500881,-0.43438290496197,0.494594679073421,-0.483202230560497,0.45545735085763
0.310446329700295,-0.122287577340873,-0.557781060114544,0.58815076058077,-0.587850942372391,0.568967025495117
0.311896908059349,-0.118538997546386,-0.5552103720082,0.585060842991045,-0.589290596631917,0.599710201500251
0.318553684803711,-0.0992709680332678,-0.541608239677879,0.56987691615998,-0.460165833778654,0.652495527236319
0.323265354459337,0.0826479630878051,-0.384921491842381,0.477324442482005,-0.356566994388194,0.460855153008496
0.332105000861921,-0.0322093712883025,-0.489591364621894,0.525434361842032,-0.515616635626337,0.508176700028302
0.326142582263567,-0.0704428224217123,-0.520104739494406,0.549231024948492,-0.471553107624374,0.555937066253195
0.331875557756726,-0.0344933234111505,-0.491475750763206,0.526745151797903,-0.434477250373204,0.519236438278457
0.322821843441835,-0.0843636923865927,-0.53065576570005,0.558900242750831,-0.546208969255796,0.615893655393975
0.325923265193388,0.0714506851049365,-0.395998756818694,0.480444975183382,-0.420577427264199,0.475037385678405
0.330694646717814,-0.0444097492501869,-0.499567551543698,0.532597742030592,-0.579488182108753,0.488916739646858
0.330176897587011,-0.0481081229742003,-0.502547834866388,0.534848062825815,-0.511962211620034,0.614852885242332
0.328485997771102,0.0585501875710756,-0.408518180633667,0.484476657490697,-0.426746829668253,0.487185412889663
0.332920803285252,0.0222466612368493,-0.442399343442996,0.49824910574567,-0.389364070308665,0.52416240188136
0.325755376657656,0.0722122550188899,-0.395251613724653,0.480221474643569,-0.420951439168191,0.458859193997823
0.331636058754773,-0.0367246474439883,-0.493309257320786,0.528039145775774,-0.464254525407478,0.532029994260156
0.323486843404712,-0.0817767530557409,-0.528718336201088,0.55706153478362,-0.58250457543925,0.485560271881935
0.333104611374988,0.0193000797149179,-0.44506368596822,0.499520878912364,-0.459644515796373,0.502823063847028
0.333633855605047,-0.00443007792202563,-0.466058519671562,0.510594154791626,-0.480032629565805,0.58079088120811
0.33303135703784,-0.0205253605527131,-0.479831143455743,0.518944960835632,-0.472279294028639,0.420309761732699
0.330235032784303,-0.0477074241416817,-0.502225928882746,0.534602470087239,-0.504743813065755,0.577908362725173
0.310943602989445,0.121017564659957,-0.345400779355356,0.469439953366698,-0.402688045138637,0.475572060612991
0.327665576106299,-0.062979722381187,-0.51432317081158,0.544272110145266,-0.52851418224239,0.592201700093633
0.333200031152599,0.0175759618852322,-0.446616761665648,0.500275625957843,-0.441778448230315,0.519109962403992
0.331413692393286,-0.0386799649758443,-0.494909893031337,0.529183994574181,-0.542803518001012,0.514390298954883
0.330033755153229,-0.0490805017878038,-0.50332800249175,0.535445849401301,-0.537392845546838,0.556106915285365
0.309198700017576,-0.125408688310362,-0.559902067302522,0.590758296202312,-0.526747365378149,0.574455077333107
0.330758544696814,0.0439313135056326,-0.422398211182125,0.489597272731536,-0.406069988319335,0.370893423146177
0.318471570018951,0.0995340860507017,-0.36783450260657,0.473304950370527,-0.333587690191138,0.496219502637198
0.333026362508058,-0.0206062386411441,-0.479899394080911,0.518988642212445,-0.501103964024359,0.488089274223658
0.320518343555204,0.0927316916750275,-0.37477403329306,0.47482309562121,-0.439727641459038,0.491853459061071
0.313221683135698,0.114992836341769,-0.351773158656785,0.470377920583309,-0.359834899180618,0.393133410894196
0.332084889763088,-0.0324160637234411,-0.489762214678002,0.525552414700395,-0.50049604590987,0.469962840641222
0.324644506984639,-0.0770527045663237,-0.525152802776725,0.553753394748132,-0.514664334390863,0.557731437219707
0.323126427282395,-0.0831894656071252,-0.529777685478074,0.558063251132401,-0.497184334196025,0.587199927574349
0.329809315848124,-0.0505666923584779,-0.504517664970177,0.536364456282104,-0.481603708339334,0.582449425677576
0.321113759099875,0.0906483806420798,-0.376884063948212,0.475315513294689,-0.337949211156078,0.514054893330042
0.333595811925211,0.00670890916939647,-0.456305772383264,0.505212482089293,-0.452718359217443,0.544864453954298
0.322623328466993,0.085119698807992,-0.382449362185261,0.476683935024058,-0.381451197448953,0.479455922614052
0.317884852160946,-0.101392287492185,-0.543136905307768,0.571492624903165,-0.52465731853909,0.579728333230466
0.332252102780476,0.0306547776739009,-0.434726500840958,0.494746097211787,-0.40579859831161,0.543203586097399
0.333203797259503,0.0175044191029719,-0.446681113004481,0.500307113390973,-0.45602556147535,0.483156573814279
0.327799053669263,-0.0622812621084375,-0.513777679640209,0.543815927731773,-0.487160845069479,0.480311577727184
0.308495625636571,-0.127128376688233,-0.561063105705399,0.59220868633233,-0.583779548913583,0.662342006878115
0.329016337816521,-0.0554925638810218,-0.508436851658289,0.53945201196888,-0.519535970165612,0.573411021948688
0.32309768740208,0.0833010179512357,-0.384269286670102,0.47715350006482,-0.373967921399811,0.493555075123388
0.317725844534816,0.101889464180171,-0.365413646009355,0.472811629008537,-0.36265065983604,0.458881901999615
0.308683396456865,0.126671764604974,-0.339360890001409,0.468666488965301,-0.416925288984494,0.44046147100793
0.309104135064361,-0.125641588983892,-0.560059626748397,0.590954153995425,-0.512666218168759,0.656745218239727
0.328099424791721,0.0606790132387332,-0.406469898369221,0.483779608599426,-0.37943730225367,0.544513705868199
0.316063792638713,-0.10693387760255,-0.547094388390647,0.575777926104194,-0.524243379836597,0.632245730050541
0.33183500655048,0.0348812789892675,-0.430830242004636,0.493055993749198,-0.431481877295761,0.452797485839051
0.324130366573484,0.0791876294709145,-0.388365946366068,0.478250664772849,-0.385238386645001,0.505620677512855
0.322521305329679,0.0855054548243796,-0.382062657921681,0.476585567157071,-0.415791504128862,0.438431193542332
0.333198351741424,0.0176077708152514,-0.446588147747986,0.500261630524054,-0.438528408502953,0.476558814350925
0.32775530289689,-0.0625110919697629,-0.51395725747899,0.543965886709693,-0.49769677427171,0.475382077795116
0.325366431571022,0.0739449822707639,-0.39354832490909,0.479719051295604,-0.377251977913101,0.51418825617527
