1.34230979129899,0.134016871133799,-1.04111858757136,-0.32716429003134,-1.02808559810615,-0.300261267514149
1.34669899917318,0.078472308437999,-1.08703230566779,-0.295598579499296,-1.09859607357005,-0.339802623470701
1.31179941762141,-0.314544727334225,-1.37037271980963,-0.0210105591604565,-1.40581554109431,0.0144185353928454
1.34556766896345,-0.0959361548421024,-1.22180949964399,-0.184897631194091,-1.14596890198187,-0.107269276081213
1.32967423185839,-0.227425888362417,-1.31394973999562,-0.0897539111060101,-1.27924053909617,-0.0476824487809186
1.30281214843982,0.349909421769781,-0.848531014869917,-0.432424368183057,-0.828674463270224,-0.418083562978283
1.32152141025106,0.270808529802281,-0.921761612629086,-0.397150197187683,-0.922289401636378,-0.442377011188835
1.29365996016923,0.382361092451326,-0.817557888908003,-0.445748742401421,-0.82206150516399,-0.3472725810875
1.34611362129043,-0.0879443923282354,-1.21594485947738,-0.190354033647866,-1.14957425570644,-0.103029046109695
1.3245875665692,0.255389655342423,-0.935670503974818,-0.389823141455078,-0.96503223046451,-0.333327143085218
1.27275955769752,-0.447033786033286,-1.44871437534384,0.0927437653551366,-1.42237091216747,0.126449524405633
1.26247650150231,0.475299043466445,-0.725723151675685,-0.480045270954489,-0.709137875162223,-0.488809712469839
1.33443068602186,0.197612858308479,-0.986752574181114,-0.361088712985034,-0.967499284339974,-0.301639316339775
1.32509520069563,-0.252742569938346,-1.33073371736123,-0.0702551932969563,-1.33347950758672,-0.129362753868956
1.32594973935335,0.248220438873195,-0.94209766180184,-0.386367013311749,-0.885069793991776,-0.338674987860282
1.34879314992521,-0.0226525115706936,-1.16690998162359,-0.233548828709612,-1.1323482563799,-0.246501089745368
1.29200625624349,0.387912272805745,-0.812204133515826,-0.44795954388551,-0.860463211187234,-0.470813017646701
1.33590382317499,-0.18739549832395,-1.28677471786812,-0.11979984439112,-1.27676240661485,-0.0869197113172797
1.34743431074352,0.0646287536377235,-1.09824971301086,-0.28745275448808,-1.07988618541888,-0.239252141227032
1.32219821280839,-0.267484548361054,-1.3403618691473,-0.0587218867537791,-1.34586087076418,-0.0761918112051739
1.29377890749858,-0.381958421922338,-1.41139597541884,0.0354379793709141,-1.40542807136943,0.0260100754091692
1.32043978168944,-0.276034201680842,-1.34589643045851,-0.0519722732106842,-1.30465345966514,-0.136566965594605
1.34125823042635,-0.144161218360586,-1.25655965859338,-0.151183324663202,-1.24946939782739,-0.209303035538602
1.33429101689352,0.198553720194053,-0.985933716391473,-0.361572655619532,-0.932168837367018,-0.248099359070418
1.26153085956793,-0.477803294173905,-1.46554720894423,0.120841843685919,-1.4941603039265,0.121443914547214
1.3341901880891,0.199230117131897,-0.985344765838503,-0.361920242315882,-0.999917327672663,-0.345973825474731
1.32525121294404,-0.251923242587861,-1.3301954595086,-0.0708923083673985,-1.33853293208139,-0.128171747102989
1.29642370463386,0.372882924829013,-0.826661306272364,-0.441927520445987,-0.811706207113211,-0.451464397863244
1.34809869068941,0.0488468804236515,-1.11092824255256,-0.278031299636635,-1.09787065420147,-0.356022649760907
1.34833420851598,-0.0418444704975533,-1.18153030672836,-0.221107445808245,-1.15184630035532,-0.273286469882742
1.29909994213069,-0.363449360876674,-1.40036773915783,0.019649478640331,-1.38128453707117,-0.0352315761692167
1.32424581302065,-0.257155836532836,-1.33362732748142,-0.0668163850835163,-1.32340593069595,-0.141627235256237
1.34410149284571,-0.114661565031847,-1.23543314666932,-0.171967553819552,-1.21330372454824,-0.219356834899955
1.26016502282118,0.481394030731308,-0.719532749080365,-0.48208750481966,-0.677143118162601,-0.513224418426284
1.34882638581064,0.0205785934073735,-1.13334673684776,-0.260796546822629,-1.10764988164491,-0.281187645595881
1.28962390864387,-0.395760371714675,-1.41950171570925,0.0473566541251539,-1.47113716061093,0.0728276991428876
1.27799521595964,0.431838309497773,-0.769257585424847,-0.464734523956262,-0.796981906983492,-0.39495520654269
1.34820002257139,-0.0459651683792293,-1.18464698472688,-0.218408469121927,-1.24560175812285,-0.282016497868747
1.28141760086294,0.421574465265987,-0.779386092071883,-0.460930240851443,-0.719761260788977,-0.418879113460305
1.33100572643592,-0.219499097402291,-1.30863021584002,-0.0957796521802309,-1.31927448432571,-0.108018365429128
1.31598764075718,0.296534360471078,-0.898291926685625,-0.409050399292119,-0.90093671569703,-0.459724674525732
1.26775698264527,-0.461029641693242,-1.45643704734898,0.105442980681638,-1.51258409540953,0.0344565078404837
1.31486810980176,-0.301459701107755,-1.3621398940482,-0.031633899643895,-1.38659450377343,-0.122615316999722
1.31728936088427,0.290697157307645,-0.903646241215265,-0.406386054723906,-0.873690078278385,-0.354747684829492
1.33289963890237,0.207688830175271,-0.977960960117706,-0.366243985674485,-1.01201563949286,-0.384567728476787
1.28035403889616,0.424793635366534,-0.776215566096643,-0.462131067747278,-0.720912945487891,-0.389489129342949
1.34405377963343,0.115219507978099,-1.05681951789931,-0.316682727945713,-1.10381601434298,-0.371566487658864
1.34815743363285,0.0471977934454145,-1.1122463286069,-0.277038531915291,-1.15147335380914,-0.313711945757908
1.3224146289136,0.266412550006438,-0.925739083327566,-0.395076021499054,-0.91214334443124,-0.366021324576137
1.29019975881833,0.393879016844971,-0.80643133512668,-0.450313320878986,-0.854548631694151,-0.475172076783335
1.28498258409851,0.410579902246972,-0.790172050880614,-0.456776614240225,-0.868340216054797,-0.435657119520233
1.29664542825733,0.372111180892202,-0.827400452769229,-0.441613812739067,-0.811600708940644,-0.470115018242225
1.33503678568966,0.193475782518266,-0.990348120774506,-0.358954515806698,-1.02827041324801,-0.315678723155106
1.34543380250217,-0.0977956064972703,-1.22316972503204,-0.183622771366086,-1.23911517709995,-0.205520235707933
1.26481622253295,-0.469037334103702,-1.46080609255721,0.11276982527854,-1.47616006725059,0.0990127930818037
1.32061646546787,-0.275187660880323,-1.34535004829554,-0.0526425828529395,-1.30617283777768,-0.0519352781635515
1.25188283530276,-0.502539017629427,-1.47868800820928,0.143912599671907,-1.4738484069274,0.123711340559903
1.3431648189341,-0.125157367914833,-1.24299702494723,-0.164630866449076,-1.24120781285518,-0.0933662440897334
1.28060728771095,0.424029565274914,-0.776968602033139,-0.461846682541181,-0.771182476083084,-0.492494462560032
1.33296576186998,-0.207264023043128,-1.30035957445336,-0.105006530012422,-1.3652821638158,-0.0837562878208741
1.29323211371868,0.383805676889164,-0.816166252810611,-0.446325999498158,-0.835544424862432,-0.461887591501811
1.29751979180234,-0.369050792502674,-1.40372422879146,0.0244041488350242,-1.40167174465403,0.0225550652181268
1.33397765876391,-0.200648208276067,-1.29585723957177,-0.109958491338,-1.30781906771125,-0.109785758185627
1.3462033485623,-0.0865600478585368,-1.2149259283797,-0.191295436862377,-1.23713180661698,-0.205487780403205
1.31418570723692,-0.304420801621404,-1.3640105336722,-0.0292392186819392,-1.36038361240347,-0.0829648247913493
1.31933095623608,0.281286198528856,-0.912242722116663,-0.402046150021208,-0.992110137156007,-0.483778042523057
1.32149958487852,-0.270915013854024,-1.34258691908212,-0.0560190498607367,-1.40892639162895,-0.0709903850678666
1.28742067716314,0.402869827088647,-0.797696864774084,-0.453815747372666,-0.805066170258515,-0.469238832786821
1.33196545212324,-0.213598061591764,-1.30465030713134,-0.100240999925316,-1.36084309644133,-0.12065363498759
1.30937005544946,-0.324509099191227,-1.37658383414248,-0.0128489070108366,-1.39606970270281,0.00568692181814089
1.32813873822588,0.236227834069974,-0.952792517243793,-0.380516000313483,-0.968630025600622,-0.382230018420991
1.26308899389212,0.473668967818466,-0.727375155439654,-0.479494655744431,-0.738249662295007,-0.503118081802415
1.28247825493418,0.418336734206569,-0.782569206113365,-0.459715467427763,-0.773711647565498,-0.458773986549156
1.33227812621573,0.21163906060259,-0.97450085941053,-0.368248555839076,-0.972262307597068,-0.310160980327824
1.30830539382796,0.328775142074795,-0.868408227645026,-0.423383907165314,-0.843019786257717,-0.382474102706227
1.29350465380423,0.382886155602976,-0.817052198715773,-0.44595871575619,-0.822140355424679,-0.414902878125771
1.28676339782747,0.404964264568033,-0.795655918980388,-0.454623970576578,-0.761295493228459,-0.399584872691865
1.31886659981589,-0.283455445274403,-1.35067103268216,-0.0460771115260348,-1.32480419829583,0.00684923389970556
1.34233350045132,0.133779187961873,-1.04131816148646,-0.327033043444585,-1.03447436998806,-0.355768423747966
1.32179593891226,-0.269465384494328,-1.34164738067546,-0.0571620802961228,-1.280370669225,0.0776958431236113
1.3476165931252,-0.0607092702910102,-1.19573359493735,-0.20867111808867,-1.19885775887346,-0.21667001704726
1.31584851464777,0.297151113181308,-0.89772519570561,-0.409330677682626,-0.882101755917427,-0.399784584070073
1.32964867068007,0.227575284519988,-0.960465047202448,-0.376240629713792,-0.956813281207823,-0.437368808002675
1.32194201678755,-0.268747840581649,-1.34118193798846,-0.0577273865117158,-1.29949885694097,0.00850347733904297
1.32551758407902,0.250517927228668,-0.940040732347356,-0.387477982322995,-0.981090935013017,-0.384072549571515
1.28037767427893,0.424722390242967,-0.776285795819965,-0.462104567088548,-0.804724599301558,-0.468294985201788
1.30054576946277,0.358241258229869,-0.840631309898956,-0.435910144113466,-0.850512396108257,-0.414984233620349
1.25755318646631,0.488176280429567,-0.71261931508077,-0.48432916278807,-0.716806770331495,-0.450205283561875
1.29626216365068,-0.373444106464793,-1.40634527651517,0.0281475356661741,-1.41223622598207,0.0402001808831271
1.29632916559855,0.373211457466407,-0.826346555378626,-0.442060949070811,-0.84192782069345,-0.555655786957249
1.32051273152918,0.275685007635466,-0.917338162786741,-0.399437239013664,-0.944332035691346,-0.41743655149097
1.32089905175078,0.273828034812929,-0.919024015282277,-0.398568048159735,-0.967324165941253,-0.429661335080331
1.34829820974977,-0.0429887793640232,-1.18239659760894,-0.220358928070802,-1.23369317468319,-0.227794347293248
1.34339681596655,-0.122642131490673,-1.24118914298011,-0.16639489583813,-1.21651659429481,-0.166639597065384
1.28536971306,-0.409366337543399,-1.42739274294449,0.059228982261238,-1.49357888044316,0.0321847440548168
1.34815849333608,-0.0471675143655522,-1.18555487942018,-0.21761911003122,-1.17584689420567,-0.208724188523807
1.29754119172726,-0.368975545716292,-1.40367924834296,0.0243401426251676,-1.40152670271893,0.0181081956697859
1.33129612083828,-0.217730880231947,-1.30743942915763,-0.0971186622427236,-1.29281794599394,-0.0615663052902676
1.34303807572183,-0.126510176377364,-1.24396814891857,-0.163680565017719,-1.27789580795991,-0.177091052644837
1.2746849774458,0.441513653061423,-0.759656873425503,-0.468255359254721,-0.752065362643516,-0.427750934847111
1.31007797784977,-0.321639222606162,-1.37480013142571,-0.0152059709379616,-1.3745720816218,-0.0399696480254917
1.33899334170256,0.163868631659118,-1.0158398735269,-0.343385050206022,-0.989803915829653,-0.263867362958997
1.34433132894647,-0.111934693364652,-1.2334594947259,-0.173863167632752,-1.25258896555771,-0.219094614365955
1.31008256281015,-0.321620546897165,-1.37478851023508,-0.0152212925533026,-1.31594977381519,0.00212605104315202
1.25877673370604,-0.485012610398919,-1.46941355441447,0.127520977042885,-1.43557049715841,0.0823648762338586
1.31125878698388,0.316790926516507,-0.879577892091836,-0.418131998005148,-0.87366775503644,-0.44223553450547
1.33451067329176,-0.197071967656521,-1.29341465995977,-0.112624463261117,-1.29251775000596,-0.0592507704062376
1.32369120673538,0.259995551456301,-0.931527981410101,-0.392027057688588,-0.961464449346064,-0.387198828425269
1.34556704213203,0.0959449461602063,-1.07274587681669,-0.305721442058727,-1.05351946800375,-0.336094560715641
1.33177797700758,-0.21476386456576,-1.30543791364736,-0.0993612729966066,-1.28817793121893,-0.0695619608394198
1.30777923769941,0.33086184882511,-0.866455853559385,-0.424289125792571,-0.839519090863711,-0.440948636876978
1.28538861959942,0.409306968142403,-0.791416606075749,-0.456290498586462,-0.791983088047553,-0.544853717678729
1.34564581925632,0.0948336790577051,-1.07365877158025,-0.30508289405029,-1.04495761534512,-0.313380201841857
1.30786098969974,0.330538544177917,-0.866758491297591,-0.424149055510688,-0.885994822893099,-0.350553356917576
1.34771911753563,0.0583890211822624,-1.1032764000481,-0.283744952787046,-1.15267055948246,-0.299430678715713
1.30802035930927,0.329907316072392,-0.86734921450933,-0.423875388412266,-0.899573358874429,-0.522896541904745
1.2612809113161,-0.478462705250103,-1.46590208559078,0.121451236549133,-1.41912655195864,0.174612971946642
1.29877074995455,0.364623966063833,-0.834555190294171,-0.438550300187761,-0.814126428911393,-0.34630667051787
1.28761894946741,-0.402235675367166,-1.42326957964728,0.0529916004457216,-1.46274948620623,0.031508815067677
1.2986732477588,-0.364971085322158,-1.40128121166437,0.0209391612969543,-1.40908155548498,0.0107610109867404
1.32740609870886,0.240310521359651,-0.949159542456959,-0.382517647226756,-0.938476858380095,-0.351815261013593
1.31219750459801,-0.312879859518597,-1.36933003248644,-0.0223681530726838,-1.37781907114896,-0.0614160148125269
1.32548291010991,0.250701321440876,-0.939876428561852,-0.38756652602562,-0.890103063152647,-0.349732184604232
1.29327993708099,0.383644499386384,-0.816321577451129,-0.446261660416466,-0.817900646381491,-0.34015514106501
1.31391340167496,-0.305593963396793,-1.36475044058482,-0.0282889573331686,-1.37483889206439,-0.0701319206630412
1.32726899331765,0.241066623453329,-0.948485830033905,-0.382887241376314,-0.966149122719816,-0.388587500822654
1.34364596143125,0.119881724608586,-1.05294086906327,-0.319301632831778,-1.06682704261426,-0.308750391955421
1.34891334405897,0.0137436452684635,-1.13871123651735,-0.256560248781471,-1.14236464257775,-0.239669668580213
1.26214720058783,0.47617280646203,-0.724837011854668,-0.480339646704743,-0.789469380575203,-0.475929096869337
1.30776540967385,-0.330916501290297,-1.38055101922584,-0.00756770144404761,-1.35318002825536,-0.00257632127295902
1.31189307778331,-0.314153863623946,-1.37012805275869,-0.0213294395457478,-1.37542480760771,-0.0552644845251734
1.33846266383661,0.16814813433706,-1.01218117415115,-0.345667522778887,-0.960182201059695,-0.322312193108709
1.32526648705567,0.251842879297302,-0.938853329039794,-0.388117217087776,-0.90301048714405,-0.451227678498035
1.34242182020959,-0.132890007866645,-1.2485362884203,-0.159184553209376,-1.28532605810192,-0.186740364317731
1.25577606888878,0.49272970518519,-0.70796295668035,-0.485815820225531,-0.690192356707961,-0.383565044406296
1.26009611187252,-0.481574383049376,-1.46757335063529,0.124331021540935,-1.50145182558779,0.0837836448078764
1.3367284801951,-0.181419590455222,-1.28265159418192,-0.12420340943829,-1.31548372436391,-0.125103986825239
1.33951297437418,0.159565312799704,-1.01951011957936,-0.341079000502827,-1.03089340511596,-0.325115892717895
1.2616549670914,-0.477475487935488,-1.46537070041086,0.120539016433225,-1.51172639225993,0.114428550566879
1.29411846444171,-0.380806378040941,-1.41071482104776,0.0344487712305085,-1.44678052162954,0.0197114908945731
1.32068377825229,-0.274864430996225,-1.34514133222175,-0.0528984073425025,-1.34044650367024,-0.0776647582204748
1.29560937120477,0.375702614859157,-0.823958052224681,-0.443070415171461,-0.864964145874537,-0.448255696663075
1.27813637945319,0.431420320666414,-0.769671189183075,-0.464580986578948,-0.819856767659537,-0.478997119083418
1.24936034531177,-0.508777775780436,-1.48194623084964,0.149800642151992,-1.43711641427004,0.179530998907587
1.32226781453716,-0.267140270653384,-1.34013824333815,-0.0589927428744959,-1.30727441352509,-0.0164881905332192
1.34397683768044,0.116113553662468,-1.05607652761783,-0.317185920941984,-1.02020981490003,-0.306369842974869
1.25248472287665,0.501037041072049,-0.699436880549654,-0.488489920807451,-0.682747297090878,-0.530028898564335
1.25452147404212,0.495915283826588,-0.704698236112006,-0.486847090859462,-0.706935274802143,-0.520188979462985
1.34307655254617,0.126101037134222,-1.04775083614558,-0.322775482725381,-1.00599341483112,-0.272062724308028
1.26622020644303,0.465233797526574,-0.735899706647215,-0.476615659981696,-0.683083660899765,-0.406264564480178
1.34235830456019,-0.133530070560611,-1.24899352770632,-0.158732174247395,-1.2653460834225,-0.193501073274283
1.31822073220541,-0.286444058673711,-1.35258605119346,-0.0436934884177923,-1.28837787448126,-0.0680664432157492
1.34704957078567,0.0722049265061953,-1.09212188325746,-0.291924456924689,-1.14479929805084,-0.361476963811749
1.34748175791094,0.0636318290077027,-1.0990540526432,-0.286861867267463,-1.14948426575889,-0.268937802826847
1.3290964194705,-0.230778693375976,-1.31619053473935,-0.0871938315113457,-1.33468484779929,-0.0572395025415024
1.29175488440029,0.38874852564816,-0.811396204158257,-0.448290839483394,-0.827910704962888,-0.422950872079813
1.29958333037466,0.36171710628328,-0.837325058501578,-0.437351154309845,-0.82118620492173,-0.387739740042797
1.33988284291898,0.156429104763085,-1.02217938923925,-0.339391516259296,-0.999533867087755,-0.329286200364126
1.32822232227438,0.235757418075612,-0.953210592344622,-0.380284719724194,-0.975668563965103,-0.384765592915562
1.32640871095764,-0.245756035655952,-1.32613330911976,-0.0756748994236107,-1.29605623773893,-0.0299270394022843
1.28996756302938,-0.394638801814606,-1.41884681520372,0.0463834518310295,-1.39677485991347,0.096812537677385
1.29858104398618,-0.365299014186184,-1.40147790471431,0.0212172812704401,-1.44745141192906,0.107151662138699
1.33727060501721,0.177379329468061,-1.00425928185678,-0.350554197543167,-0.985744276583199,-0.382426726671622
1.33788326480414,-0.17269761817305,-1.27660306048898,-0.130592585296696,-1.2425378087156,-0.10876157292917
1.34322509792032,0.124508770303889,-1.04908132842936,-0.321888256897331,-1.08128158327789,-0.319205140535546
1.31756694061919,0.289436443028539,-0.904800416981338,-0.405807842562334,-0.922298161487808,-0.463967278284248
1.32647110319983,0.245419049671106,-0.944602220801334,-0.385008048286432,-0.913020239139529,-0.432582039881985
1.32582132663297,0.248905418604775,-0.94148467456055,-0.386698575826893,-0.872047516037425,-0.345020423959352
1.26919683759074,-0.457050856049197,-1.45425277194526,0.101819052091565,-1.46522481652286,0.0662043842425012
1.31810481663872,-0.286976984999572,-1.35292706602604,-0.0432678644389537,-1.36317927969377,-0.0483971536913155
1.34851029317392,-0.0357223567199466,-1.17688520758721,-0.225099229479942,-1.16014486307856,-0.257470318898147
1.28330015917518,0.415808608648949,-0.785050724913416,-0.458762047341196,-0.79319377947078,-0.466998798568267
1.34816911146084,0.0468630394717128,-1.11251373625176,-0.276836814920362,-1.13972027367733,-0.286112864962551
1.26820177823991,-0.459804683789499,-1.45576551657614,0.104326104946345,-1.49526153426645,-0.01019665100444
1.31306070999006,0.309237238129629,-0.886580631028104,-0.41477539523498,-0.939048241785558,-0.408598855151381
1.31767516906872,0.288943327289893,-0.905251644589509,-0.405581413380002,-0.845962059160943,-0.462057662591392
1.34894949726787,0.00955779192010404,-1.14198579037049,-0.253952573116938,-1.12894205861619,-0.236521146230892
1.25648353910634,-0.49092281829268,-1.47256092555779,0.133024008362599,-1.46259733709124,0.138934170005796
1.25598963492963,0.492185061247263,-0.708520543383416,-0.485638776328463,-0.697850620148964,-0.470397814825672
1.3214618457381,-0.271099036929443,-1.34270611408575,-0.0558738559004056,-1.36786702228405,-0.00331035514919196
1.28262775277049,0.4178781465793,-0.783019597125009,-0.459542840223715,-0.766113707139512,-0.516942644106057
1.3478750266941,-0.0546718390034695,-1.19120613528523,-0.212673551543432,-1.15351383514126,-0.223201068021822
1.27023215180264,-0.454165584443011,-1.4526632626848,0.0991979591764358,-1.50415593817912,0.0408641354510604
1.28271663317381,-0.417605240083106,-1.43212255161092,0.0664779310071093,-1.42065270999621,0.138507581073805
1.34179492856167,-0.139077198892636,-1.25294807738623,-0.154801581152606,-1.24771898733031,-0.0959293799858028
1.34890718634003,0.0143352783671425,-1.1382477477154,-0.256928006543345,-1.12872363744905,-0.221914415470851
1.3430036349374,-0.12687526989357,-1.24423008578591,-0.163423916384875,-1.24456913823235,-0.230162753469391
1.24698489287082,-0.514572419118605,-1.48495202905284,0.155294806590503,-1.4724145132301,0.141878017541705
1.32933507498301,0.229399991250109,-0.958850054095539,-0.377145999349246,-0.993782565000638,-0.372142384722669
1.33900961625225,-0.163735595243166,-1.27035013907385,-0.137110828645682,-1.25455566133167,-0.114136264758534
1.33882062209955,0.165273831584407,-1.01463948244841,-0.34413570335494,-1.00848831461996,-0.368824336669043
1.30374670001,-0.346411084953493,-1.39005750462977,0.00531091981457588,-1.4013430438071,0.0641481071853104
1.34288122624053,0.128164385756614,-1.04602492583763,-0.323922998961486,-1.03057570666808,-0.340864026832887
1.34661938535248,-0.0798268661450201,-1.20995721367185,-0.195858407029932,-1.2267467159164,-0.187689356990239
1.33595732285535,0.187013713600861,-0.995947839059556,-0.355600581028741,-1.01093467912514,-0.277566401909192
1.30628849656233,-0.336699363400871,-1.38411346024153,-0.00277898757301631,-1.36977990696739,0.0785466636773923
1.28700410477386,0.404198629216965,-0.79640227348859,-0.454328856576691,-0.810150741743851,-0.469591035326228
1.30115361428586,-0.356027203450058,-1.39589498365946,0.0133804716664789,-1.44492272059236,0.0211752214904088
1.28225220807602,-0.419029083059646,-1.43293622629423,0.0677352905432187,-1.48365608740506,0.114328304444796
1.32064527782657,0.275049355061966,-0.91791543296761,-0.399139948157045,-0.94279699735542,-0.452246868397358
1.28488498781225,0.410885222002872,-0.789873407862189,-0.456893051072809,-0.730805985016682,-0.38612883503594
1.3225911447806,-0.265534858942435,-1.33909467155633,-0.0602548233569362,-1.26645010096841,0.0559205559650223
1.34505170586432,0.102917472360708,-1.06700475692241,-0.309711584342534,-1.06911882385976,-0.267611113029005
1.27508800078426,-0.440348370976482,-1.44498697829954,0.086725216280483,-1.49416726796629,0.11508838619623
1.32637149932588,-0.245956791615199,-1.32626583526194,-0.0755195788443211,-1.32610701703057,-0.0753789067481541
1.29938669705291,0.362422831907106,-0.836652997407439,-0.437642782849414,-0.814834213909643,-0.481676184557511
1.33491310677031,0.19432728819823,-0.989608748302363,-0.359394614370137,-0.908232874451758,-0.34977127064645
1.3489175069937,-0.0133287993282565,-1.1597451421356,-0.239516420332001,-1.10517221219255,-0.145942970671782
1.34045854346308,-0.151416613429546,-1.26169247776798,-0.145993486113999,-1.27436637557401,-0.149246567529544
1.31493691441332,-0.301159440627051,-1.36194996118112,-0.031876419615952,-1.39982971514292,-0.0154058661391411
1.31850645577766,-0.285125978539794,-1.35174201325095,-0.0447454262252485,-1.36733573554524,-0.0959584420279053
1.31991853251482,0.278516005086888,-0.91476473947923,-0.40075826570491,-0.950579203595246,-0.494582042640986
1.34449815001111,-0.109912793533442,-1.23199382209679,-0.175265919192839,-1.1899576061982,-0.241975019843815
1.30589904521359,0.338206713824362,-0.859566054528265,-0.427453432186044,-0.872961875388974,-0.422207239295951
1.3487227466849,0.0265150926901178,-1.12866969535312,-0.264454148175952,-1.13431166882098,-0.358429508127359
1.28385317340595,-0.414097967516259,-1.43011357994455,0.0633865369201082,-1.45777346717315,0.110433307743972
1.26501034280501,-0.468513532528121,-1.46052141049159,0.112289193515004,-1.43966283132759,0.171479325768883
1.26963374469324,0.455835772951005,-0.745350028924378,-0.473349696392427,-0.774536670743195,-0.475060490941921
1.34350995714456,0.121396427538259,-1.05167852936687,-0.320149760547438,-1.02871059532331,-0.26486303835144
1.24955806178371,0.508291990687411,-0.691957988811259,-0.490784657707343,-0.723505824585174,-0.511030840571995
1.34875899542165,-0.0246022323135463,-1.16840311967867,-0.232294589396837,-1.15959106122768,-0.304682271240327
1.25321375902727,0.499210748832955,-0.701314701219623,-0.487906288574846,-0.716622920886027,-0.500836755037723
1.34682308175888,0.0763130657696029,-1.08878785049205,-0.294335334566951,-1.06541791725204,-0.311015195699716
1.31932031722817,-0.281336094581893,-1.3493103089494,-0.0477641022702808,-1.37239600834199,-0.00638653400621358
1.28841612026874,-0.39967486610654,-1.42178217473252,0.0507598182038023,-1.44465415664724,0.053887699648166
1.29253860379754,-0.386134763079864,-1.41385937628765,0.0390312835459604,-1.44558559642606,0.0404656866953698
1.32472565684426,0.254672400672245,-0.936314657861769,-0.389478773982911,-0.940403769165161,-0.407190388938887
1.29492048443963,-0.378070147650215,-1.40909419332457,0.032102762148893,-1.42488151282312,-0.0132001597635938
1.30846640373364,-0.328133765202508,-1.37883064912434,-0.0098645121719938,-1.39636968416115,-0.00690600376566339
1.34452677941266,-0.109562023565933,-1.2317393531778,-0.175509033943537,-1.20221904074756,-0.179082424264812
1.33780784771877,-0.173280870691805,-1.2770086725397,-0.130166733090279,-1.23610714876522,-0.0514615113036854
1.34827436852437,-0.0437301354428495,-1.18295750918605,-0.219873587528182,-1.19406056472221,-0.240793618487181
1.28391056170107,-0.413920000867413,-1.43001146263017,0.0632298921033363,-1.36952509289952,0.0601979826863379
1.30405434016641,-0.345251177345979,-1.38935014384378,0.00434155463970531,-1.36254858177319,0.00860608691772112
1.34067336857782,0.149502563027607,-1.02805806813237,-0.335644111063406,-0.973353046735323,-0.263028378619015
1.31469593629796,0.302209683245375,-0.893069675966751,-0.411620591197724,-0.924904168643635,-0.451257076757337
1.3422105555367,-0.135007118965964,-1.25004794072731,-0.157687322608705,-1.26599486994043,-0.169655813091419
1.33345063609991,-0.204121284167977,-1.29822344842859,-0.107362135298232,-1.26862284177723,-0.15439001034704
1.28373055967985,0.414477921860368,-0.78635548763249,-0.458258493798231,-0.765239023755372,-0.442592162651754
1.32808787712439,0.236513611026655,-0.952538484447933,-0.380656437698971,-0.909907604028944,-0.375367897539586
1.34536348242052,-0.0987582793236413,-1.22387330002682,-0.182961964199628,-1.21307552794749,-0.196343995133933
1.3082627955878,-0.328944608173498,-1.37933234553426,-0.009195764601583,-1.36784486018227,0.00259507579414888
1.26618446957047,-0.465331050526579,-1.45878842065119,0.10937311540141,-1.46888274186898,0.105458009716719
1.26780371158857,0.460901124372533,-0.740262659223945,-0.475117597893892,-0.757618105938172,-0.48390136980919
1.34636253558872,-0.08404772649353,-1.21307446374768,-0.193001068084779,-1.1926829184265,-0.0569988341778352
1.3451392418602,0.101766976831407,-1.06795364168398,-0.309055139201808,-1.06203054640376,-0.262305706935695
1.34890703354208,0.0143496489967575,-1.13823648764792,-0.2569369367854,-1.13938141049815,-0.186822796042937
1.28431859838112,0.4126521966717,-0.788144084068858,-0.457565684469088,-0.772287933824813,-0.379921774152533
1.30812566290911,-0.329489525788339,-1.37966931576624,-0.00874610735290715,-1.40344992741983,-0.0326634647037705
1.28081517121116,-0.423401221964412,-1.43542785348579,0.0716047178253603,-1.46728829741054,0.0353015948169235
1.26799179376168,-0.460383436407808,-1.45608289804892,0.104853662597255,-1.43515853732074,0.0454889663802809
1.26473570083497,-0.469254413510536,-1.46092402798392,0.112969069971934,-1.45191220026169,0.076676722138227
1.33511640297197,0.192925602450327,-0.990825662954148,-0.358669927533114,-1.04644293357234,-0.398434304266244
1.34873372944008,-0.025950426514394,-1.16943455755451,-0.231426026283815,-1.19301398635619,-0.247072364093608
1.27382689764113,0.443983256904576,-0.757198038196549,-0.469143826142197,-0.820477697283103,-0.487176312008309
1.34571589104482,-0.093834099106247,-1.22026984626888,-0.186336406918996,-1.19861438905809,-0.169075325656993
1.29242264853188,0.386522696781778,-0.813545823720708,-0.44740802647115,-0.798793725153087,-0.489954851651806
1.33067662003771,0.221485508443892,-0.965843184676042,-0.373204564850519,-0.961005849945095,-0.384605177674061
1.26838091140722,0.459310310295146,-0.741861939418314,-0.4745642879271,-0.726541524460228,-0.394185985657902
1.34881977419981,-0.0210074818390139,-1.16564880174911,-0.234605359350106,-1.18675604424798,-0.257824518799851
1.34720480008319,-0.0692482793898282,-1.20210784258183,-0.202974345593135,-1.21713978387679,-0.249121205502685
1.34892271818158,0.0127905410068788,-1.13945756025118,-0.255967377385672,-1.13790091338132,-0.265880167827164
1.34873382902677,0.0259452501322411,-1.12911935708073,-0.264103937254091,-1.0952438667006,-0.233077126444735
1.34858485798347,-0.0327868629689771,-1.17465171543161,-0.227005586283819,-1.15728497337338,-0.234602208148628
1.26244331129628,0.475387193063617,-0.725633773165972,-0.480074993391453,-0.727365495342694,-0.498893311952433
1.29656739226346,0.372382994892037,-0.827140155553048,-0.441724347014722,-0.791666434510085,-0.438435515370121
1.33327977449595,-0.205234355032609,-1.29898055114548,-0.106528519131476,-1.30044398935015,-0.0572799402408309
1.32883731620025,0.232265978221857,-0.956310175896854,-0.378563978144534,-0.975037062509422,-0.352588644672235
1.29699940009285,0.370875523220949,-0.828583266077157,-0.441110723662009,-0.799887495369863,-0.458336354344652
1.33362545420782,-0.202975972604185,-1.29744379080213,-0.108219126508523,-1.28747512496658,-0.134632598973086
1.30027394932726,-0.359226605733098,-1.39782653569609,0.0160784509358434,-1.43260197048083,-0.0745625461270022
1.27525712749651,-0.439858336666467,-1.44471279037995,0.0862852634937621,-1.47927655645893,0.116450864906536
1.32345606110036,0.261189877105406,-0.930452099825921,-0.39259643106573,-0.953589460519825,-0.408689917432126
1.34849637852763,0.036243822418219,-1.12096937142997,-0.27040431087487,-1.09238424063269,-0.266305635793588
1.34809997546513,-0.0488114096962483,-1.18679509517243,-0.216538517097973,-1.16774844748956,-0.19947656009656
1.31356070587751,0.307106446594985,-0.888550779805913,-0.41382209452435,-0.886794073019334,-0.467672976116945
1.31621212907352,-0.295536340989376,-1.35838462585323,-0.0364078438914475,-1.36403710752721,-0.0780261738127895
1.33343664029203,-0.204212692779673,-1.29828564647215,-0.107293704162721,-1.29218820749776,-0.0965167745663709
1.32673992144629,0.243961633062072,-0.945903688215413,-0.384299169600045,-0.903199071930586,-0.376476688194258
1.34831524902259,-0.0424509931425184,-1.18198954661937,-0.220710799991745,-1.15817538881196,-0.29538314952381
1.34523354005394,-0.100512786647176,-1.22515447013125,-0.181756234490919,-1.24211714228529,-0.222738008052682
1.32341019951265,-0.261422151684828,-1.3364154514321,-0.0634808102085538,-1.34223799765976,-0.0552532880586357
1.34624474822057,0.0859137675473033,-1.08096535867262,-0.299931455191173,-1.06404426852486,-0.246391196346816
1.30962315092979,0.32348616680527,-0.873346748420179,-0.421077230825978,-0.885315702945943,-0.423337550204892
1.26576346231589,-0.466475031520144,-1.45941202346186,0.110420521319179,-1.42382663673571,0.134319922999796
1.29797494210587,-0.367446795102219,-1.40276476059151,0.023040554235172,-1.39164212087957,0.00839066784537098
1.34895265699736,-0.0091009200302402,-1.15648283876913,-0.242205951076657,-1.11111580171461,-0.21068500923499
1.28565127263876,0.408481214657366,-0.792223482565162,-0.455974578077539,-0.799770017519096,-0.436919384455924
1.33446344541836,-0.197391515541575,-1.29363316279525,-0.112386560268798,-1.30639379531908,-0.156778404614251
1.32940761772174,-0.228979220692697,-1.3149885669807,-0.088568684156765,-1.25177915628713,-0.0126338281791478
1.27091492683297,-0.45225141936623,-1.45160617154432,0.0974622264769867,-1.50140917192331,0.00260059910077631
1.26941725956948,-0.456438296676268,-1.45391569994389,0.101262098502858,-1.47764259658261,0.0874692463521819
1.34638186273526,0.0837375498994545,-1.08274229653082,-0.298667645280997,-1.05631626710642,-0.295196070661641
1.30201726066382,0.352855707760444,-0.845741659090093,-0.433662084648475,-0.804671345016052,-0.34376952317466
1.33930541879751,-0.161298148610749,-1.26864286552336,-0.138875442556849,-1.30570396269637,-0.170587762020825
1.33943615131688,-0.160208907714413,-1.26787900655763,-0.139662879031965,-1.24202813902847,0.00933739969354899
1.26246935856901,-0.475318015900909,-1.46420747241989,0.118547830932116,-1.43875402231712,0.119762748515101
1.34407196160579,-0.115007215385776,-1.23568307053353,-0.171726962208305,-1.19363210157048,-0.180887048199878
1.29354019054427,0.382766081324264,-0.817167855552975,-0.445910713794679,-0.792727090552039,-0.335553120993267
1.25629360706023,-0.491408659290026,-1.47281875512545,0.13347748335737,-1.46152436629164,0.138345606358902
1.30430092798771,-0.344318438100576,-1.38878081564009,0.0035626621888406,-1.4143175177981,-0.0200007730699471
1.30367524230001,0.346679910262555,-0.851583343197593,-0.431061295416518,-0.810359288288524,-0.404310661772989
1.25143699915452,-0.5036482251659,-1.47926896285206,0.144957397706494,-1.45591298611338,0.114410611020407
1.34852173106429,-0.0352879357995408,-1.17655492904828,-0.225381662566085,-1.20585628694441,-0.301550570686857
1.30348555044797,0.347392454349519,-0.850910356092911,-0.431362609922525,-0.83055317796812,-0.448342176940814
1.2828723747985,0.417126560583825,-0.783757502623375,-0.459259614305654,-0.807128484895008,-0.467993854841821
1.34896265914677,0.00747273666810639,-1.14361385764663,-0.252649873771999,-1.18545815794402,-0.22542157197004
1.30152644211374,0.354661836182543,-0.844029504334077,-0.434418079898236,-0.857835770883711,-0.390223551163615
1.34707931412643,0.0716478821620399,-1.09257335318314,-0.291596801657856,-1.0909847017443,-0.270477219895826
1.31787635838682,0.288024307256731,-0.906092272718586,-0.405159016278122,-0.868670943681566,-0.335895963478079
1.33441698214278,-0.197705375077654,-1.2938477280795,-0.112152833113421,-1.30081164609935,-0.00499133195819644
1.28542236003524,-0.409200994484462,-1.42729744676263,0.0590839696105366,-1.42343780246224,0.0885061863482794
1.33326098242663,0.205356398255365,-0.980000446585642,-0.365056003035458,-0.968972295835579,-0.318874578695078
1.32474022705354,0.254596599332678,-0.936382718903781,-0.389442362053017,-0.973319776864592,-0.420602564176699
1.34456583634659,-0.109081663423411,-1.23139077790624,-0.175841850094999,-1.24073066661033,-0.129915735303288
1.33920282762922,-0.1621477228811,-1.26923825911242,-0.138260781786367,-1.27976158506114,-0.191062305092961
1.26719554137476,-0.462570597299014,-1.45728061176917,0.106849451281466,-1.48011137688657,0.0814846653833537
1.34247375218259,-0.132364354213799,-1.24816063398732,-0.159555891922083,-1.28588684025314,-0.214645319990253
1.34161444735274,-0.140807571600492,-1.25417867500692,-0.153571787401274,-1.28919042716662,-0.194636056373634
1.32964906395008,-0.227572986758785,-1.3140481658795,-0.0896417339817535,-1.32472911033349,-0.0109219901838648
1.27816673841859,0.431330368008109,-0.769760185619996,-0.464547929329646,-0.790362098288663,-0.483483801881219
1.33832677879059,0.169226270825874,-1.01125805707645,-0.346240844591338,-0.965090362308276,-0.341134393754082
1.34667686674606,-0.0788512151882116,-1.20923547228407,-0.196517412545307,-1.23186536576288,-0.164170131577196
1.3424772139044,0.13232923982669,-1.04253505061976,-0.326231679614251,-1.04171026679904,-0.339124630495406
1.34481472899706,0.105969062646577,-1.06448490238761,-0.311449023386603,-1.07629558259493,-0.303799088035782
1.25405458049477,0.497094766322987,-0.703487957704029,-0.487227083910784,-0.653297294193508,-0.43879142640858
1.32001712723639,0.27804834358114,-0.915190126717951,-0.400540380642976,-0.869529426885382,-0.414297374407881
1.32909590427222,0.230781660476852,-0.957626099745168,-0.377830212933761,-0.975353978612708,-0.401647938427264
1.2891424394973,0.397325896780683,-0.803087843186361,-0.451662382435346,-0.780282233838837,-0.359098155550028
1.25057261509578,-0.505790699734704,-1.48038906054448,0.146977976395483,-1.50076973460174,0.142585230140048
1.34685480743031,0.0757510743652568,-1.08924441179186,-0.294006104197297,-1.0602633447639,-0.241169316261801
1.25750059041294,0.488311747428553,-0.712480958414841,-0.484373604723643,-0.644070095455784,-0.39624569542574
1.34851283426722,0.0356263018319573,-1.12145945547008,-0.270028252236558,-1.13263115202635,-0.251218368308509
1.27020463871656,-0.454242527014549,-1.45270571115285,0.0992677822154705,-1.47743704635023,0.0922142793572622
1.3472423300672,0.0685142440718274,-1.09511037477374,-0.289750241795243,-1.13331415846875,-0.254638485676487
1.3183468553994,-0.28586302038588,-1.35221408805525,-0.0441573375050995,-1.31612154114031,-0.0793399450296207
1.34751454989474,-0.0629335791736963,-1.19739729896582,-0.20719123575142,-1.1793826225124,-0.147112671826864
1.28260065629036,-0.417961306880387,-1.43232613414468,0.0667922371533528,-1.405648214455,-0.00889537998659777
1.29154550794798,-0.389443575457369,-1.41580449825955,0.0418862755302555,-1.42317999176546,-0.0152435879861834
1.31130693574095,0.316591563127162,-0.879763086412504,-0.418043866697368,-0.908286854215101,-0.450391960490781
1.32406260273056,-0.258097504087119,-1.33424349942429,-0.0660811055924402,-1.35286509804146,-0.0790049635326485
1.34898335490889,-7.57917399036942e-05,-1.14949097924487,-0.247912770104086,-1.16906335364227,-0.326668365418328
1.34876335109084,0.0243622724687078,-1.1303676860823,-0.263130097154605,-1.15837552815658,-0.244286409985341
1.25409888516371,-0.496982981395506,-1.47576719930584,0.138692514330797,-1.47534359511658,0.135678016317899
1.29027568364706,0.393630229726772,-0.806672414497346,-0.450215646179914,-0.815606842380761,-0.501049629698259
1.34832114382797,-0.0422633490398685,-1.18184748677181,-0.220833535714748,-1.14701296314856,-0.253809533116429
1.25427687088132,0.496533612898263,-0.704063863409437,-0.487046421793818,-0.719684534656034,-0.535502049756174
1.34697563031346,0.0735713864711073,-1.09101378695202,-0.292727452943985,-1.06563666012818,-0.315415406713139
1.29111036849877,0.390883760113685,-0.809331602061463,-0.449134667162485,-0.841206291027419,-0.470425262862642
1.32128184979717,-0.271974945467776,-1.34327322502331,-0.0551824808279763,-1.28249234495753,-0.0270797371315431
1.28858617351239,-0.399126259469766,-1.4214630682016,0.0502822636315167,-1.41614636747235,0.0281532837158301
1.29873924501969,-0.364736166305628,-1.40114027170673,0.0207399666406193,-1.4019683355196,0.0167450878269975
1.26905076423482,-0.457456287923387,-1.45447575259874,0.102187823101937,-1.46727208229565,0.0683921393695141
1.31176176054601,-0.314701733606398,-1.37047097842902,-0.0208824409785124,-1.38744765644134,-0.0218976362199114
1.29295687345978,0.384731881884943,-0.815273414398223,-0.446695394224277,-0.830633693736963,-0.388879123900323
1.31857081847821,0.284828183688565,-0.909012477712862,-0.403685963844254,-0.920193427499032,-0.372857062935943
1.27212410732196,0.448838894410826,-0.752353707821826,-0.470878523142741,-0.711523518509441,-0.467770074576757
1.27651159898304,-0.436204350307748,-1.44266410312729,0.0830098710652112,-1.42573745486487,0.09762681431307
1.27274409577231,-0.447077805580149,-1.44873883590549,0.0927834953508728,-1.44847716742646,0.0861612885949141
1.25530129516118,0.493938008187555,-0.706725326986225,-0.486207839329857,-0.738559861694825,-0.520193161021151
1.34878741203465,0.0229916224416885,-1.1314476291471,-0.262285713709497,-1.18511964351278,-0.302384616194471
1.31469199924065,0.302226810025592,-0.89305389189362,-0.411628317131727,-0.835620042168165,-0.335904562842486
1.33395270064135,-0.200814068275326,-1.29597037254401,-0.109834663320861,-1.30056319155356,-0.135207976706653
1.28888565089739,-0.398158104873492,-1.42089953117726,0.0494399833642634,-1.42531494611078,0.0552802522678388
1.34889501145011,-0.0154384471578746,-1.16136986132784,-0.238170534913072,-1.19716218599128,-0.230008866863157
1.34599803286216,-0.0896961152827338,-1.21723290497222,-0.189161208095958,-1.19786013266905,-0.223166595460351
1.27767389467963,0.432788073333595,-0.768317428836154,-0.465082955151133,-0.796971994910743,-0.543112329011976
1.30102016561511,-0.356514552618068,-1.39618955148283,0.0137910171045511,-1.36822123040657,0.0603421931161489
1.31259792837858,-0.311195719735801,-1.36827384514201,-0.0237396975690447,-1.44290628674451,-0.0447405111063223
1.29836184191566,-0.366077348415612,-1.40194452740971,0.0218776728062419,-1.38863485176947,0.00595964321429642
1.26275905139091,0.474547864494164,-0.726484623512312,-0.479791765668615,-0.72068327246862,-0.429108633661612
1.32333487539199,0.261803180150465,-0.929899345493786,-0.392888474297631,-0.914062400896931,-0.371576236066357
1.31328977792834,-0.308262966887958,-1.36643117606782,-0.0261238673929183,-1.37687257013424,-0.0485684199095619
1.33757573336761,0.175063574371503,-1.00625041515193,-0.349333045145469,-1.08257374428416,-0.406142197476466
1.31639449920612,-0.294722954697276,-1.35786758043981,-0.0370616941540487,-1.38831531526584,-0.0735016947354399
1.34791402898101,-0.0537016577192951,-1.19047700704164,-0.213314757366038,-1.10461963405361,-0.216626010537466
1.26909804440158,0.457325104560998,-0.74385571714685,-0.473871343551493,-0.712913519010601,-0.342956578254566
1.34619084180873,0.0867543370439982,-1.08027841656989,-0.300418870340206,-1.105558753893,-0.409106601635973
1.29768026864192,-0.368486116350478,-1.40338660852406,0.0239239150087076,-1.3880815765284,0.043122419090272
1.3420086177401,0.136999881302658,-1.03861158606599,-0.328808673998706,-1.02389947381491,-0.321213650700623
1.30772880193871,-0.331061139588402,-1.38064033051102,-0.00744818634922706,-1.45866389875869,-0.100619815932615
1.2772427985813,-0.434058672344921,-1.44145765285985,0.0810907398751062,-1.45156286975247,0.0698793342255678
1.31507707393433,-0.300546813621371,-1.36156229672117,-0.0323710637364196,-1.42572961296289,-0.0479741362249738
1.34869259686026,0.0280067266913043,-1.12749193157334,-0.265369983032491,-1.09074545462602,-0.20361893889443
1.33743741509398,0.176117171997435,-1.00534482898089,-0.349889024991345,-0.97533103190557,-0.330115636788188
1.34828399303572,-0.0434323806540903,-1.18273225815846,-0.220068555525606,-1.13575183305858,-0.172006601229662
1.31543749293557,-0.298965382184981,-1.36056070823115,-0.0336468567216346,-1.29592292286368,0.0726889369594109
1.31655914911799,-0.293986571869107,-1.35739919720121,-0.0376532906422899,-1.35486853002006,-0.0409882770032064
1.28616553424114,0.406859086288889,-0.79380745819616,-0.455352656346207,-0.810495894153313,-0.487901406874558
1.33263152272741,-0.209402297501396,-1.30181023260677,-0.103400440231235,-1.29244831518094,-0.159092644849198
1.32307554370243,-0.263110629245868,-1.33751642157182,-0.062157626269373,-1.33055989899558,-0.0228029868929769
1.284062590726,0.413448135397488,-0.787364553723042,-0.45786799360663,-0.792627857341705,-0.482004770987609
1.28926402561139,-0.396931190296167,-1.42018465624858,0.0483734747423554,-1.42590449460948,0.105608094748952
1.33764475903261,0.174535372341049,-1.00670421428488,-0.349054067952252,-1.03897969529652,-0.362142557921906
1.33661793040865,-0.182232284943513,-1.28321332622857,-0.123605788576585,-1.28176758284289,-0.128562570538315
1.33641990911992,-0.183678861259377,-1.28421241134536,-0.122541070586773,-1.32691111331894,-0.167678396021528
1.30514437699689,0.341107391827033,-0.856837454986903,-0.428693674716907,-0.848486238881664,-0.446281650854943
1.34793452001977,0.0531848409294608,-1.10745491350211,-0.280635303988787,-1.08788879522425,-0.324143688504733
1.34027189023423,0.153059981097624,-1.0250416764334,-0.337572268034111,-1.00384871628611,-0.301652596203481
1.29972737048023,0.361199197106214,-0.837818096940108,-0.437136933475575,-0.809381935860269,-0.440647958030596
1.34523023730375,0.100556979913469,-1.06895092857768,-0.308363914517769,-1.05222083461675,-0.273009319687519
1.33711580051481,-0.178542525968621,-1.28066042979819,-0.126315939079998,-1.25281810377782,-0.183742710739547
1.31447986085356,-0.303148137015603,-1.36320708513313,-0.030269107993518,-1.36361636812169,-0.0159342730260366
1.34241603746339,0.132948410771715,-1.0420155246225,-0.326574036086763,-1.05413540410215,-0.371215855611278
1.32569311737712,-0.249587371684856,-1.32865909317076,-0.072706461304567,-1.28451974791914,-0.11665203506072
1.25594264811884,0.492304948382472,-0.708397822012308,-0.485677765437838,-0.766731730496227,-0.524761692305963
1.30155029591532,-0.35457428667118,-1.39501606601185,0.0121574314994364,-1.43008332071873,0.0206046680272236
1.31304861189634,0.309288603674198,-0.886533109633247,-0.414798340824346,-0.911727927095032,-0.383854772186773
1.27472429006526,0.441400138064365,-0.759769812278945,-0.468214420862109,-0.741217820431439,-0.406914949269807
1.34851108531408,-0.0356924410860101,-1.17686246636275,-0.225118682226534,-1.22017951793505,-0.262742396218985
1.3436209689606,0.120161513534928,-1.05270777712229,-0.319458395754507,-1.05410556823005,-0.360628184677985
1.34565115249221,-0.0947579725512857,-1.22094679447928,-0.185704367091863,-1.20507913442023,-0.0498162907000927
1.2584107264171,0.485961460615983,-0.714879880875222,-0.483600709726584,-0.725456195970909,-0.51206865480925
1.33923010399455,0.161922284199515,-1.01750098278356,-0.342343397262946,-0.996134745396615,-0.361378723165898
1.31845083582354,0.285383060257309,-0.908505869651728,-0.403942151502731,-0.888374212257637,-0.373859777553114
1.34599078169774,-0.0898048615072891,-1.21731281876439,-0.189087099347753,-1.14183917787799,-0.196644526457389
1.29806849691453,-0.367116159932628,-1.40256681586716,0.022759680591524,-1.44712839891896,-0.0276246403026754
1.34896992816495,-0.00601917538089013,-1.15409965446075,-0.244159890924589,-1.17103644112529,-0.316968286926409
1.29871089161705,0.364837110997329,-0.834351916426977,-0.438638012890145,-0.803373504579344,-0.431558880437761
1.33585394143577,0.187750751572759,-0.995310172055724,-0.35598436935863,-1.00007226168973,-0.405792257193504
1.34776708066045,-0.0572712305929904,-1.19315750619052,-0.210952900337679,-1.20123762338179,-0.198615877304259
1.34897980312728,-0.00309650130149778,-1.15183538718605,-0.246007920956253,-1.17415669037566,-0.249226746129271
1.30008343195922,-0.359915500514723,-1.39824173944651,0.016660240187477,-1.36133111189345,0.00484031998930682
1.33272704678366,0.208793477716458,-0.976994134051933,-0.366805485085198,-0.952565937015182,-0.370751139683635
1.31286236739423,-0.310078218915257,-1.36757222512495,-0.0246487990092461,-1.33994774390882,-0.0348873530105055
1.33591452480436,0.1873191927763,-0.995683577721627,-0.355759688366949,-0.989370423153476,-0.34549680194113
1.29074527396496,-0.392087662778035,-1.41735466907268,0.0441728762030886,-1.4739128458833,-0.0116993638478724
1.34519282266794,0.101056258629943,-1.06853950351342,-0.308649236280338,-1.00126035171345,-0.263591888876885
1.31811182874489,0.286944776025677,-0.907079180495545,-0.404662179274541,-0.932321793330194,-0.452989954059243
1.34634921686078,0.0842608083512411,-1.08231524556854,-0.298971771301096,-1.06464554672165,-0.265445994299436
1.33493175936982,0.194199112746227,-0.989720066893766,-0.359328394756933,-0.939332419735466,-0.341090362554129
1.34678513192008,-0.0769799064993515,-1.20784991503557,-0.197779850135062,-1.20310608806265,-0.281585397925074
1.32831000971326,-0.235262865027989,-1.31917888373355,-0.0837593001022783,-1.32282326081708,-0.0775523886019831
1.25501581609539,0.494662914433704,-0.705982420717402,-0.486442525585216,-0.683418414815078,-0.435392373743331
1.26004748667636,0.481701597346557,-0.719219804791511,-0.482189866141593,-0.730056538206321,-0.434411912351401
1.32740242168955,0.240330831268818,-0.949141449305094,-0.382527579534495,-0.971985399490443,-0.384303919697894
1.32801651422181,0.236913983377497,-0.95218251834546,-0.380853107007897,-1.02250811595105,-0.353823139644209
1.34024940107527,0.153256779566251,-1.02487463209347,-0.3376787179661,-1.03148161679724,-0.311892667964257
1.27824747483645,-0.431091046810161,-1.43978487457513,0.07844159123783,-1.43494826920293,0.169395849571216
1.3486594063183,0.0295618557402841,-1.12626292684655,-0.266323437463796,-1.07843661878392,-0.231232117896161
1.29789146834701,0.367741531456089,-0.831579634384359,-0.439830306886156,-0.809627575422589,-0.408690676630108
1.31414034536926,-0.304616562646212,-1.36413404742299,-0.0290807118012117,-1.33122068153243,0.00570285218359677
1.30480850012827,0.342389946637818,-0.855629603635556,-0.429240351245201,-0.862439380378268,-0.409204452473859
1.31327950912026,-0.308306711718163,-1.36645869323367,-0.0260883446653674,-1.32239124832163,0.0309040828110422
1.34873353535366,-0.025960511898827,-1.16944227019321,-0.23141952491065,-1.14023273734579,-0.172023347062514
1.33236331292941,-0.211102107818477,-1.30296184655621,-0.102121738967742,-1.31392458507948,-0.149026872079097
1.33899597015912,-0.163847152746914,-1.27042821003514,-0.137029981768792,-1.26743058762184,-0.189899690042908
1.27350022853539,0.444919392121702,-0.756265101592529,-0.469479521155969,-0.802265035018662,-0.43634208227105
1.25816086390725,-0.486607992225554,-1.4702651272287,0.129004001831581,-1.49756931845842,0.155962994238526
1.32888949211457,0.231967272073232,-0.956575080677577,-0.378416420879675,-0.945260199172361,-0.408308465304122
1.34261327085762,-0.130941599511482,-1.24714321662944,-0.160560161967205,-1.27281115878214,-0.175460178056645
1.34576060727966,0.0931905867559281,-1.07500749130081,-0.304137439811394,-1.08142225221755,-0.229650551791853
1.33696954350424,-0.179634454678627,-1.28141660128684,-0.125514749900948,-1.24250922964081,-0.154625315192418
1.2939541808407,0.381364229379856,-0.818517569838026,-0.44534960044756,-0.840503379501302,-0.442516839352014
1.29690133108897,0.371218311759127,-0.828255217695802,-0.441250386724125,-0.831838884521908,-0.501204830685842
1.34802089888022,0.0509485401930457,-1.10924657964424,-0.279294246672208,-1.14327963932457,-0.289032535497822
1.26317231978667,-0.473446710929964,-1.46319638814302,0.116823404838347,-1.43996847658731,0.141367162712192
1.34851421672345,0.0355739351263717,-1.12150100716247,-0.269996351767927,-1.10396177223321,-0.268875641457955
1.30520340193103,0.340881470827183,-0.857050129187471,-0.428597269709587,-0.904555139422901,-0.412738855585993
1.34715629983112,0.070185478490585,-1.09375790108603,-0.290735757197464,-1.12102292583626,-0.310087944352899
1.31631899904657,-0.295059977487041,-1.35808185610852,-0.0367908241248638,-1.37562924400291,0.00431056222135905
1.33601910493953,-0.186571832821022,-1.28620744261309,-0.120408049562902,-1.3699486820527,-0.11620260458286
1.27103252497958,-0.451920809445257,-1.4514233861194,0.0971626906154119,-1.49152842529114,0.0655330763251413
1.34236478647648,-0.133464892738067,-1.2489469757343,-0.158778251114595,-1.27384255563644,-0.160278324896577
1.32479590780697,-0.254306705030614,-1.3317603592344,-0.0690377774746804,-1.31433605489866,-0.0514770214163894
1.32520876661443,-0.252146430579333,-1.33034211582008,-0.0707187961293952,-1.33756682214208,-0.0336929697480697
1.34866838610207,-0.0291493034988468,-1.1718784661223,-0.229360985212604,-1.2078287541516,-0.195038175020714
1.28125721258563,-0.422061669383673,-1.43466556531628,0.0704178233734677,-1.44288380446387,0.0996772941182142
1.27035748603411,-0.453814890944238,-1.45246974657349,0.0988797672307096,-1.42897020111541,0.111796670445399
1.30752485641577,0.331865706906482,-0.865515824733107,-0.424723621696774,-0.869679461465799,-0.464053788718459
1.2722364963513,-0.44852022799133,-1.4495397579166,0.0940860941058987,-1.49123924724623,0.0192946206859461
1.33198089715694,-0.213501726397258,-1.30458519441489,-0.100313659081121,-1.20949146780899,-0.00653808041136329
1.31472246231158,0.302094264525191,-0.893176042221058,-0.411568520761658,-0.885372887223756,-0.323762508903331
1.34819151854691,-0.046213925215307,-1.18483487714582,-0.218245224762663,-1.13686254030569,-0.182864616160704
1.27958641361518,0.427100348462836,-0.773940230569751,-0.46298723485755,-0.688790916411593,-0.42328016074231
1.34791523790419,0.0536713051015823,-1.10706486118561,-0.280926642934238,-1.06770970865689,-0.221902686294774
1.34689936607106,-0.0749546212251049,-1.20634849932416,-0.19914388119954,-1.20991919105144,-0.271477008295669
1.344745846894,-0.106839621990057,-1.22976239301572,-0.177393467391362,-1.29457471279504,-0.220682686908135
1.27041135769711,-0.453664060511544,-1.45238649572044,0.0987429415351415,-1.50094083445504,-0.00942480265461727
1.3295838454461,0.227953713491096,-0.960130244519497,-0.376428560447365,-0.974923211486277,-0.365847013738794
1.32890998542871,0.231849839753029,-0.956679212511931,-0.378358395998577,-0.951963978856044,-0.374771950469617
1.32485577585715,0.253994627391147,-0.93692312118083,-0.389153074785117,-0.879326632965146,-0.346543608369211
1.33408999923031,0.199899903750098,-0.984761353488926,-0.362264163748347,-0.908923526207697,-0.342301272245116
1.32517161789862,-0.25234159522678,-1.33047033795729,-0.0705670451813631,-1.30334073343794,-0.135272229089484
1.25026241872957,-0.506556987789248,-1.48078902756858,0.14770147176367,-1.52041601423094,0.169644357202049
1.33964543750291,-0.158449358923469,-1.26664388144574,-0.140933421677193,-1.27285603547093,-0.171484421888324
1.28421054682802,0.412988340006495,-0.787814912184295,-0.457693408194644,-0.717172089606984,-0.414822788746295
1.32444242842539,0.256141272254763,-0.934995217785088,-0.390183671101103,-0.934269648944561,-0.349869053799839
1.33136356144143,-0.217318118967631,-1.30716124093219,-0.0974309624308451,-1.30918985919212,-0.0743722451026598
1.30773917003296,-0.331020181752007,-1.38061504094589,-0.00748203128438207,-1.41177232152832,-0.0577603158619642
1.30199487056167,-0.352938315569053,-1.39402509966274,0.0107819193191517,-1.38319762240941,0.00529963641770594
1.2748016190071,-0.441176755668869,-1.44545018087017,0.0874693124432357,-1.46264199771612,0.0698150271925161
1.34733123605552,-0.066743073908343,-1.20024128315137,-0.204650053339767,-1.18647917076404,-0.156132751766472
1.32734078929863,-0.240670992497493,-1.32276989691343,-0.0796009524399848,-1.28682273753372,-0.00759324839177949
1.32032994962861,-0.276559074483825,-1.34623501957645,-0.0515564463836176,-1.2903978694718,-0.0682076307264236
1.29733896660667,-0.369685952248062,-1.40410379136613,0.0249445726552419,-1.40463342908673,-0.0179663999872135
1.34862922358297,-0.0309081682349044,-1.17322018383274,-0.22822303422591,-1.09540063262709,-0.183817035372652
1.32730153260297,0.240887399245871,-0.948645550168206,-0.382799665121958,-0.891472439937819,-0.35426346857453
1.34407928832794,-0.114921556957343,-1.23562114012069,-0.171786591657284,-1.26238725536037,-0.176711257978919
1.30005186596387,-0.360029503470883,-1.3983104263019,0.0167565480374773,-1.34558827747126,-0.000912405885829557
