1.59758693628309,-0.589540877533513,1.38734189426627,0.570392079580652,1.35120732392971,0.545967119262488
1.66902208526479,-0.337946362850338,1.40260127733347,0.831485801368648,1.42931576599986,0.774557716020904
1.59756627557918,0.589596862608211,1.13198858656107,1.72154823705774,1.14654411819951,1.72012728735679
1.62366226178308,-0.513384188426984,1.39630739630826,0.650388227417495,1.39879365333895,0.710006947850119
1.59391583218826,0.599395349635786,1.1263029699251,1.73032376259463,1.09961606135477,1.73726140635605
1.69035229176255,-0.206280379577105,1.39491413927905,0.964646669378274,1.352847031072,0.867418083099939
1.62743628367083,0.501291938751341,1.18027162311906,1.64180662093728,1.21237063701129,1.73224251434021
1.67661401182077,-0.298006578168443,1.40136442136227,0.87212191752871,1.42582805122149,0.908163213038175
1.67879575626123,0.285459759028635,1.27714928767542,1.44221693348143,1.34477035277568,1.4795099846252
1.59750725348417,-0.589756763700802,1.38731085055738,0.570164060998495,1.42211192826722,0.586461766805357
1.62251845534145,-0.516987743899008,1.39597105068192,0.646622490194118,1.39140383330903,0.635914529651389
1.63565287466199,0.473795461011774,1.19424741020127,1.61674178439221,1.14451573218647,1.58160186729108
1.69988189848957,-0.101212629907969,1.38146603266158,1.06928506507179,1.36773278415707,1.02005640319352
1.70083948778439,0.0835912798007788,1.34238304738428,1.24991153678264,1.40545754395379,1.3300537119742
1.67452546880624,0.309526928690562,1.267768761245,1.46478836973109,1.28160621330142,1.46772750581944
1.59254269717183,0.603034180581869,1.12417445430873,1.73357891415767,1.13803792489324,1.78249797100859
1.60182643343031,-0.577922609377184,1.388964956009,0.582652714213201,1.44206237607046,0.635315040402421
1.62744190744362,-0.50127368089861,1.39737492672623,0.663029844905806,1.36982367469575,0.65417273606624
1.63180134746188,-0.486895088994527,1.39851735877508,0.678011282468024,1.38331825296264,0.6888026983553
1.65498814841053,0.401069437736267,1.22887217728874,1.54992821708332,1.19228353656982,1.49405334656049
1.64259776360781,-0.44912698900867,1.40087922175052,0.717221148336492,1.4389808026564,0.75821917340966
1.70255006183256,0.0341431137905545,1.35476065210448,1.20200702669497,1.41202246950033,1.30027190224859
1.68009099186603,0.277734989362191,1.28008653053679,1.43495592073906,1.31538379748824,1.5041546964262
1.57813802777952,0.639783424716181,1.10215379698964,1.76633699859466,1.05968503480649,1.75926096137001
1.69649091553294,0.147516232258023,1.32429519970573,1.31137810813362,1.34794112269076,1.34369902525238
1.68012902937107,-0.277504792625301,1.40035653622878,0.892898412093328,1.38562996610428,0.884786910832786
1.70153289168499,0.068031491086896,1.34642935069244,1.23487108255651,1.35284189403741,1.19687017590517
1.70202199043057,0.0544390425720264,1.34985018407361,1.22170704923877,1.33181738266408,1.1831539161543
1.61933339166472,0.526879333344016,1.16682023447095,1.66503229131171,1.1939625266737,1.64163583144835
1.60711077605978,-0.563060759366083,1.39090569993723,0.598306224227994,1.35991884002923,0.563394335508255
1.58145533015345,0.631538996416389,1.10717765759213,1.7590065199147,1.11961322262856,1.80743481378944
1.61717740954693,0.533460112207537,1.16329039015606,1.67099006845217,1.21552540527467,1.74182950427353
1.60267458631464,0.575566360767021,1.14001389008686,1.70895679854562,1.10744433061738,1.75063222413796
1.68740317747277,0.229157111869119,1.29774438453513,1.38911403560927,1.34083910215437,1.4362300626226
1.67600599442081,0.301407318973688,1.27097239733822,1.45718200832553,1.22929543848738,1.48716769463084
1.61678473747059,-0.534649023142797,1.394197788427,0.628138663584755,1.35339815239731,0.527147610864825
1.63357743321052,-0.480902521277133,1.39895365969148,0.684246263618312,1.42479521429607,0.69996390206271
1.65246052382752,0.411359553744739,1.22417628017246,1.55942684455122,1.21138938607631,1.44305505339327
1.64065544973783,0.456171196494191,1.20294768828075,1.60061895528206,1.25684028105278,1.67815921163498
1.62077073742127,-0.52244107991648,1.39544567807295,0.640920089360284,1.41310986385128,0.622057239480766
1.66861530084917,0.339949177138907,1.25541112030245,1.49320899597804,1.28613767534398,1.55176151843653
1.68612422021991,-0.238385358722334,1.39773847050459,0.932387880994119,1.36801838953341,0.954465461307157
1.66703146451399,-0.347632797051343,1.40275540978671,0.821598141297085,1.38185609266619,0.792439570727804
1.64267859071779,0.448831274381372,1.20651222993246,1.59389128117728,1.2727175739639,1.59106999057236
1.69965229366051,-0.104997837691838,1.38206153301286,1.06553994882844,1.40155003941612,1.06239260358646
1.68947147717989,0.213374302719351,1.30318125518455,1.37415357552685,1.25565497640889,1.34164057569419
1.59095612429787,-0.607207605209684,1.38469400284238,0.551708675036121,1.33711274505528,0.533574930596436
1.6725278857592,0.320145180540422,1.26351927422778,1.47472212382848,1.20971229824463,1.43662483232666
1.57451001202716,0.648660687333238,1.09668955986219,1.77421801391545,1.08862238402953,1.78878774080023
1.69584788809348,-0.154733337436592,1.38911723056441,1.01616069641774,1.47295893209679,1.01266890804016
1.70244284378479,0.039125808762713,1.35357701402127,1.20684828126206,1.29552753249231,1.17271143323767
1.66065739152537,0.376907804691751,1.23963892201825,1.52756749176408,1.24406728748026,1.51490939781053
1.64331172570949,-0.446507600619617,1.40100903559973,0.719932990105453,1.46164402864447,0.743026080325262
1.61895921258938,0.52802796634019,1.16620620587837,1.66607264539942,1.1970439824906,1.65371775813137
1.68402451592677,-0.252792197314332,1.39880827459298,0.917868195200445,1.46801683238611,0.93035034485245
1.68603365529365,0.239025058273199,1.29427052936947,1.39845128828449,1.2389942162128,1.37799831087963
1.7020175367866,-0.0545781067487231,1.37345265470872,1.11527555838302,1.37103022535495,1.1278141719358
1.68875408107343,0.218979722630245,1.30126707032788,1.37947065046383,1.28001489229892,1.39724522466809
1.68535319497148,0.243776687697586,1.29257728564235,1.40294282856788,1.27582917006783,1.38711193657697
1.66813985557458,-0.342274579115954,1.40267722176929,0.82706923961646,1.44349068796177,0.874857761002832
1.70188810743447,0.0584750804916718,1.34884550496113,1.22561833376261,1.33012772889417,1.23356434837636
1.64402112197472,-0.443888517272504,1.40113445799943,0.72264354537364,1.41015443924683,0.709358628745278
1.61680216878715,0.534596307759932,1.1626780183014,1.67201805029671,1.20072593252577,1.67109400592103
1.70011554287174,0.0972090847160233,1.33872744924086,1.26304947075873,1.35537777938008,1.30055997439232
1.64065967977069,0.456155982576272,1.20295511240466,1.60060501832183,1.24764380728271,1.52677695690557
1.58541628760638,0.62152848708469,1.11321233258637,1.7500912420874,1.09351004476799,1.78934348097185
1.65696867594581,0.392806914653723,1.23259489866261,1.54229060472211,1.26159120665746,1.58420549408074
1.70135404369891,0.0723663129830828,1.34531607410913,1.23906432506355,1.29751736190825,1.16535275718247
1.63029982177359,0.491899335627107,1.18510111416055,1.63325695075677,1.20140447025765,1.7266842678576
1.67459291772893,-0.309161810638876,1.40180686038732,0.860793710234235,1.41497188585812,0.86446890450744
1.60173563889237,0.578174202440266,1.1385325129383,1.71129944282041,1.12587327388175,1.75160918254133
1.57820474962344,0.639618818931561,1.10225457984759,1.76619074646876,1.12153089191325,1.89792011172939
1.61221732251451,0.548267973029193,1.15524146240495,1.6843725184349,1.08031998302153,1.61722198766638
1.59163393623671,-0.605428673160607,1.38497051856009,0.55359217372673,1.44290202987357,0.588873670109241
1.69901114744857,0.114906858415333,1.33381694182866,1.28008818550244,1.30416238938935,1.13951204974461
1.69961614642603,-0.105581343396082,1.3821525970719,1.06496246041592,1.39573904602311,1.02732508057563
1.59555956928395,-0.595005988315914,1.38654605747676,0.564617627518545,1.40591337768691,0.550475511457123
1.60880908821765,0.558189737395521,1.14976561327585,1.69332084484147,1.09820738039941,1.70779305403909
1.66981962707177,0.333983350350412,1.2578787253207,1.48764550639014,1.24290636362538,1.45797555022195
1.60239919560485,-0.576332615067294,1.38917982745495,0.584329010331371,1.3370753257664,0.565545813429078
1.67704209749641,0.29558800464539,1.27324404446084,1.45172512751457,1.29784987157705,1.45380511357796
1.67897043742105,-0.28443054605921,1.40072515212185,0.885886100188021,1.40320369471922,0.916875669229471
1.59083578494516,0.607522814882955,1.12153606260216,1.73759142913474,1.15991386872797,1.86883090099966
1.6387145489129,-0.463095122460368,1.40011283414877,0.702743553282922,1.36877073654493,0.682778730752454
1.69793229691346,0.129878329075982,1.32952173299662,1.29447081507109,1.35780594545944,1.27067663664716
1.70225522094761,-0.0465792660097338,1.3719526124398,1.123136081274,1.37987275560854,1.10454779324194
1.69876521188385,-0.118487215169462,1.38411651893164,1.05217853978276,1.37924874485092,1.02738784453795
1.62742023247974,0.501344045722066,1.18024466941002,1.64185401581783,1.21559849335938,1.63354315603953
1.66329512355555,-0.365091491576696,1.40288826502716,0.803744609215945,1.35473403821315,0.868601252908203
1.70192305343036,0.0574489814329202,1.34910181559912,1.22462414798628,1.33153053494755,1.21662747411872
1.59874589809941,0.586390670607649,1.13383449649432,1.71867355569226,1.12100303730586,1.71663798763044
1.69055773665446,0.204589844085984,1.30614394767182,1.36581276463381,1.27795783404635,1.31595121540315
1.59015277473618,-0.609308311336902,1.38436460578415,0.549483852722038,1.36864615322388,0.51867677789966
1.69640848109217,-0.148461208886159,1.3883063416946,1.02240539979773,1.46022635476613,1.09009883404273
1.62998534520499,0.492940401754975,1.18456866429963,1.63420521830362,1.20238048574785,1.6467156193145
1.69634494321537,-0.149185451345089,1.38840114045555,1.02168458262533,1.3968500192075,1.06004241493567
1.67097390976083,0.328159501102705,1.26026673004005,1.48220978913786,1.26639020046088,1.48892712921318
1.67245166378068,0.320543129052245,1.26335868808383,1.47509412503606,1.25505355257473,1.44745633119199
1.66468495478075,-0.35870108250741,1.40286132652462,0.810284351812135,1.40628207037206,0.876165582307203
1.60942724138295,0.556404906484357,1.15075559097249,1.69171221844688,1.17249318873918,1.70839183747903
1.64671328104785,-0.433794692551672,1.40157700138366,0.733080842596725,1.39741505398553,0.842784466672351
1.64592929202751,0.436759923655095,1.21229976008368,1.58281025856605,1.16545951197085,1.6055476239556
1.69871931191212,-0.119143462272101,1.38421381324016,1.05152792400932,1.40412188304442,1.00059812148888
1.66465261055468,0.358851154991697,1.24744937499781,1.51080440142439,1.20135502714567,1.44042143374896
1.68946823504154,-0.213399972003311,1.39559275090301,0.957504566126073,1.40380532594825,0.92135941801909
1.62309046248907,0.515189106874737,1.17301959012943,1.65443300050987,1.19594746504705,1.64987057272869
1.63697281311884,0.469214742282444,1.1965279499378,1.61255557368117,1.18148764011581,1.60525104031677
1.63222249745107,-0.485481394164563,1.39862239158615,0.679482631676834,1.41351274296031,0.717574710112031
1.6854549334757,0.243072278320251,1.29282914461255,1.40227716322159,1.34776254561172,1.49188371488128
1.63880495341039,-0.462775096502569,1.40013179450077,0.703075562457319,1.40368037416851,0.713130174338782
1.69867459971137,-0.119779253465659,1.38430783756916,1.05089753599527,1.38033095625528,1.05220225266959
1.70158225938313,0.0667853263673394,1.34674739436547,1.23366517547056,1.38598761598308,1.21923273913798
1.70148315450314,0.0692642780039855,1.34611384316177,1.23606384924295,1.32704524446513,1.23249743859211
1.66389890675354,0.362329812973961,1.24596027771958,1.51403731343578,1.2985038986103,1.55195926495222
1.67254120421213,0.32007559338071,1.2635473452371,1.47465707175379,1.32359846719551,1.52226953913346
1.61634530117347,0.535976056032184,1.16193321687944,1.67326613048366,1.16898892876795,1.73615473347328
1.70220094111811,-0.0485223795997319,1.37232038667968,1.12122731758197,1.39156849552028,1.08286505183343
1.69772687481565,-0.132536499855949,1.38614508192148,1.03823775514683,1.35445819978081,1.04554868660133
1.6004438060735,0.581740568351862,1.1364990622239,1.71450145406951,1.13388965154952,1.65486366025842
1.61772491002146,-0.531797499769823,1.39449817845488,0.631126116647682,1.44951846050097,0.711263953048101
1.70108004256345,0.0785439625796733,1.3437108519983,1.24503606627825,1.35322706547817,1.36026378901738
1.68540936984978,-0.243388005637006,1.39812386562188,0.927349135335909,1.39349108517375,0.965545173462572
1.600046134879,0.582833450931008,1.13587417122448,1.71548229348022,1.19482491708824,1.69141062517659
1.6954724600655,0.158794214078591,1.32085874933978,1.32216796143969,1.30728884681568,1.32154544102436
1.70222626007626,-0.0476258834265405,1.37215097560433,1.1221080254369,1.37020756994288,1.10425820801119
1.62799303512333,0.499480873362859,1.18120733683881,1.64015908645938,1.18052667077838,1.58337455519512
1.67453504321452,0.309475127129656,1.26778932571012,1.46473987051687,1.31619020396959,1.45022465985903
1.6987137010686,0.119223433381195,1.33259183203747,1.2842379324567,1.35508112969001,1.2134568243013
1.61981299829684,-0.525403003240361,1.39515204452283,0.637821051873376,1.38150633843326,0.60393156346429
1.58423233881887,-0.624540120333265,1.38188297274621,0.533331420576456,1.40555346133016,0.591052765180485
1.61293391993712,-0.54615623697039,1.39293013623919,0.616070613879823,1.37711905729326,0.623995713122117
1.70183614058127,-0.0599684573491973,1.3744428010839,1.10997382335239,1.43357479782504,1.03594336619383
1.65212452462376,-0.412706942517453,1.40229346492283,0.754840011664972,1.33129515573694,0.767865846024705
1.60895813137283,-0.557759981313322,1.39156138111202,0.603881262507173,1.40484283689835,0.648043843822458
1.68756959074915,-0.227928369546501,1.39688516713996,0.94290974356489,1.43202803807672,0.90954228856824
1.66398000598547,-0.361957186620152,1.4028781879796,0.806952853277194,1.40395790354728,0.777634065277821
1.68898618573406,-0.217182249884538,1.3959411620157,0.953707645373382,1.35840376800006,0.950057281359247
1.70144786384229,0.0701258289925595,1.34589282764565,1.23689731650583,1.37546648867652,1.19518759825796
1.58899737840909,0.612315112237509,1.11870354063877,1.74187192815393,1.10229447701922,1.68862770621466
1.66396371631159,-0.362032064966492,1.40287849913223,0.806876224148203,1.42637646977376,0.775237364650752
1.69765820758118,-0.133413175877179,1.38626788133405,1.03736701044282,1.37810558722829,1.05453680221108
1.57794940051224,0.640248510102477,1.10186893459959,1.76675020324279,1.12075464591313,1.7785555585961
1.70213476659836,-0.0507907629646225,1.37274698310002,1.11899842600737,1.36685900156514,1.08920611832396
1.58106871909452,0.632506261444271,1.10659076581415,1.75986711725725,1.13495724077473,1.72481162404024
1.70289110453477,-0.0020859917834846,1.36293873494311,1.16671137027801,1.34380626878403,1.14265171712315
1.5793373310592,0.636817132297947,1.10396697232694,1.76370078648951,1.17945716196056,1.76189039264259
1.70213005589898,0.0509483863405799,1.35071156004758,1.21832261568157,1.39119733576521,1.29667009853971
1.63260079005578,-0.484207729775802,1.39871590638581,0.680807992477604,1.42313746764921,0.610754093557964
1.68933067098964,-0.214486245057955,1.39569367480869,0.956414278373743,1.37527035795217,0.919906233814453
1.67542176898489,0.304638082446885,1.26970243688839,1.46020960678563,1.29428390076696,1.41570041708105
1.69915634388077,-0.112739453232357,1.38325373734456,1.05787462259972,1.3729802728573,1.10723618350782
1.6090250460537,0.55756691655555,1.15011131415881,1.69275956551246,1.20549370679434,1.74983650325685
1.60682887681488,-0.563864723049095,1.39080458134921,0.597460292895653,1.414365959137,0.573886333464631
1.69525861697996,-0.16106112759008,1.38991217484657,1.00985544208028,1.43392024811484,1.01415566663191
1.70066296552656,0.0871087995084614,1.34144902180062,1.25330737264595,1.33586031464002,1.26969337807467
1.66842945693229,0.3408601069442,1.25503243107008,1.49405806931816,1.23995944078144,1.49676690991224
1.67429626043746,0.31076437625717,1.26727703156821,1.46594682339067,1.27551521563511,1.35569625781626
1.69549076396901,-0.158598658762235,1.38960558520543,1.01230975415183,1.37587870987511,0.922006670465964
1.61761160058885,0.532142062710489,1.16399969265616,1.66979731269305,1.14145457509505,1.63714279367188
1.65363736571647,-0.406602911907539,1.40244863069861,0.761126807465742,1.44438807068785,0.831387225686783
1.62348940235884,0.513930565051282,1.17368159192777,1.65329070713246,1.14201280739221,1.65582947271711
1.67227056524172,-0.321486581199769,1.40220844330773,0.848258479019315,1.40971297517836,0.808624720546763
1.69897835808059,-0.115390658370446,1.38365407249043,1.05524778050316,1.4356706782266,1.10592991828312
1.57494062866667,-0.647614454317092,1.37780829285363,0.508792517786749,1.34184478425101,0.461864234429615
1.70178904100947,0.0612904981660722,1.34813913218774,1.22834549865364,1.38492206672032,1.19735990602266
1.69029082032207,-0.2067834809658,1.39496306906198,0.964142193787542,1.39205546534154,0.96649503125939
1.69177211989064,0.19429245900474,1.3095593364544,1.35602266833094,1.27997408258836,1.32311755462584
1.60572881963499,0.566989790965416,1.1448528460775,1.7012450934386,1.10740164473798,1.67523488368947
1.69885363699072,0.11721256480769,1.33316388573644,1.28230507730235,1.3524137336909,1.25097424487279
1.6728804112582,-0.31829796558256,1.40211334966454,0.851503496571986,1.49491346241562,0.898358489940137
1.6195692739114,0.52615381046562,1.16720762635328,1.66437506120674,1.19070014537026,1.64567208259451
1.58194978348751,-0.630299411223898,1.38090170483677,0.527214509289414,1.36786859066178,0.475378636419655
1.66416007837862,-0.361128368861075,1.40287451377881,0.807800999163691,1.4690985129589,0.880938779296347
1.67825250625866,0.288636433081321,1.27593104308972,1.44520059879974,1.25368553065261,1.43361188011215
1.61939302149409,-0.526696029225239,1.3950220271593,0.636467762474319,1.38466625175161,0.578264342096503
1.67821637408424,0.288846441939214,1.2758502924242,1.44539780068726,1.30494502412024,1.51621164940922
1.66739721296263,-0.345874253840663,1.40273168131218,0.823394159980455,1.33425087051822,0.756275606129432
1.69890385385746,-0.116482447663417,1.3838177545186,1.05416576251201,1.35088874916953,1.0416126638521
1.67965970486285,-0.280331484363491,1.40051044545079,0.890037159984871,1.40595589695238,0.845796649532884
1.63954385525958,-0.460150423172615,1.40028481194531,0.705797964281696,1.41366062971443,0.794424383852918
1.68392782297155,-0.253435499264949,1.39885317789821,0.917219218605771,1.36828138336585,0.983874650801055
1.69354893908407,0.178141674496999,1.3147913246873,1.34063984590485,1.32164781274804,1.34327282749108
1.58458237444451,-0.623651476279154,1.38203227418202,0.534274777494802,1.38655534125582,0.506439033679718
1.69480226526357,0.165794290983888,1.31868864369292,1.32885682376703,1.31992416021108,1.37072659299583
1.65590026614106,-0.397286765270802,1.40264050050853,0.770711925746956,1.43114533301652,0.799739641768654
1.69732951048857,-0.137531807557385,1.38683884091947,1.03327492370771,1.37602044652518,1.02456072058021
1.70227920435127,-0.0456943727233191,1.37178441001352,1.124005172337,1.38335103746133,1.19723895010791
1.65635276162461,0.395395996848613,1.23143295230846,1.544684884934,1.21386725030299,1.5866457809068
1.66217372913744,-0.370163422599713,1.40289176500285,0.798550189374095,1.36836905092341,0.788578311820435
1.69563221710229,-0.157079118886517,1.38941463753434,1.01382387086124,1.40196620967514,1.04552629013646
1.61671868922912,0.534848712406283,1.16254186317256,1.67224638934943,1.03871688778167,1.60965265392597
1.6291294200717,-0.495761835887174,1.39782885285004,0.668776329515908,1.383015425365,0.677646720832762
1.59533881085577,-0.595597635860565,1.38645865361852,0.563992214322112,1.3673993970229,0.588232261634448
1.68404598631648,0.252649126728614,1.28937983490795,1.41132168753722,1.30240521377008,1.46619266927831
1.68153197707613,-0.268872972490428,1.3998570428033,0.901629224622631,1.4101445969063,0.870278262641437
1.57502216364395,0.647416133020887,1.0974590583734,1.77311389129716,1.13188168887601,1.795228879947
1.65069268845149,-0.418397076421647,1.40212775596063,0.748974833133015,1.38513072160431,0.768755677511403
1.70129536765314,0.0737328777910209,1.3449628712395,1.24038575988431,1.34719791771047,1.18683714378652
1.6985163768326,0.122002388898064,1.33179742838935,1.28690822335147,1.31913939956875,1.27601261748562
1.70289189490963,-0.0012882222185314,1.36276675574978,1.16749038251188,1.41774310377291,1.16766690111462
1.7021562013079,-0.050067270890587,1.37261124263324,1.11970939348458,1.36845569361277,1.1054014582191
1.63995910635496,-0.458668284001427,1.40036926473263,0.707334856510093,1.37177410986287,0.704138940597136
1.67236722833809,-0.32098336225757,1.40219384474169,0.848770689854672,1.45381243391951,0.844381357674571
1.67698486373008,0.295912541277999,1.27311789277384,1.45202957041854,1.21648430038383,1.45784072884967
1.57513040589797,0.647152740611576,1.09762176797479,1.77288018735527,1.07716363143323,1.76921400740098
1.70128588160051,0.0739514322522474,1.3449062839857,1.24059707462687,1.31513155648226,1.29051222092196
1.69206155696875,0.191755450232536,1.31039127571402,1.35360852989234,1.2897555806342,1.34016482178045
1.68575138255399,0.24100776228724,1.29356561486034,1.40032582519842,1.27462839382771,1.37938195673404
1.59633438056251,0.592924118837718,1.13006542886762,1.72452979098732,1.17515074131614,1.75653648340537
1.69352630764354,-0.178356694813039,1.39196618859491,0.992595124333415,1.40091091023325,1.02062848850613
1.70239487130867,-0.0411602649083106,1.37091550666976,1.12845674728328,1.45305221229156,1.21672002258592
1.63093436792253,-0.489791335973314,1.39829810967646,0.674996016324459,1.38196794484346,0.621461825562136
1.61099779080949,-0.551841085161604,1.39227095497535,0.610101394917728,1.38982596479317,0.631893747668328
1.70187529199539,0.0588468840380601,1.34875248241497,1.22597854053446,1.34740475882551,1.1692720346101
1.68732270204723,0.229748916039685,1.29753766792446,1.38967437185947,1.33610977935338,1.4382175877805
1.64129359085869,0.453869820401822,1.20406903353852,1.59851036788252,1.2111967320729,1.55363249259541
1.69781725591515,0.131373630467157,1.32908562562254,1.29590572658056,1.32730237451127,1.29453144439074
1.60330365758175,-0.573811682392727,1.38951694105785,0.586985983691435,1.38450318859631,0.648992745001562
1.6733166557469,0.315996574135545,1.26518767782349,1.47084275240544,1.30746205539802,1.49862775710725
1.64025284335069,-0.457616733900083,1.40042832728043,0.708425063212392,1.41436307631934,0.687204914241504
1.61328121292807,-0.545129519727867,1.39304686143548,0.617148174061995,1.38430487334363,0.588895864203888
1.59717871531341,-0.590645931684283,1.38718264996451,0.569224847689132,1.39080802674165,0.573896845014682
1.61125614353512,-0.551086295588734,1.39235973399889,0.610894220065623,1.46266850080021,0.668086915261595
1.65990062093741,-0.38022676638685,1.40285172936567,0.788233392089331,1.45093452147674,0.781143713894635
1.69637142846005,-0.14888398829222,1.38836171780418,1.02198462811353,1.37628724288692,1.03414504172002
1.6793377067477,-0.282254020273868,1.40061239755339,0.888090513411499,1.39168498944868,0.85399697409074
1.63885285418797,-0.462605434020544,1.40014181965319,0.703251571941776,1.41639594268366,0.712621014769961
1.69349601953079,0.178644051394788,1.31463087492023,1.34111884371153,1.28608444310475,1.33809790765343
1.62511153849436,-0.508777901168958,1.3967248305916,0.655199052077403,1.38887799468657,0.638512610137818
1.67409678529992,0.311837166986008,1.26684998481149,1.46695096548517,1.23196429382657,1.44699975566183
1.62362081012577,0.513515267730105,1.17389981123081,1.65291371880112,1.1146427585753,1.65772913681685
1.70118087118715,-0.0763289510757125,1.37734581719774,1.09385961749554,1.36393204587151,1.07370909228517
1.6984572353772,-0.122822981808006,1.38475472636287,1.04787895687889,1.38098704191508,0.95795218889746
1.69899613423795,-0.115128628541643,1.38361468634908,1.05550744250427,1.40026522968876,1.08898903786031
1.62812229796131,0.499059363349246,1.18142480741549,1.63977556837488,1.17836493619381,1.59182036866609
1.70250335756767,0.036397564976366,1.35422687205181,1.20419787363005,1.29894720903554,1.1929747105344
1.6306278773305,-0.490810748596654,1.39821963701202,0.673934422889776,1.4176432080389,0.660650918300526
1.65937513889335,-0.38251354706476,1.40283389993295,0.785887080226254,1.37916389216463,0.818189127965446
1.64541371071034,-0.438698285695094,1.40137010071291,0.728012183909184,1.36197260627398,0.645994694815274
1.69181969929586,-0.193877720070796,1.39366103022429,0.977072809784495,1.43552825065501,0.96995686114555
1.69326673986955,-0.180804349828535,1.39224280024105,0.990149336832141,1.40709494527991,1.0130420205156
1.70148999543995,0.0690960250892486,1.34615695564979,1.23590106977524,1.34779699576892,1.26450409951452
1.63200835564825,-0.486200773713579,1.39856910673764,0.678733949920559,1.4038240915958,0.67856431047914
1.67969764811641,0.280104045271738,1.27918951886396,1.43718359110667,1.33280504975284,1.44312023213128
1.69185981719645,-0.193527321640578,1.39362432019355,0.977423581618442,1.37722128932798,0.920720620512169
1.6915432553541,0.19627501249886,1.30890659553913,1.35790862342867,1.29045825280811,1.3549022039693
1.69996114516667,-0.0998727700076506,1.38125326279731,1.07061029470215,1.32951378687827,0.991486793460561
1.66823020161647,0.341833965076722,1.25462702200626,1.49496567376621,1.28917868126353,1.6078736455007
1.66831048413387,-0.341441933268904,1.40266349886337,0.827919077773821,1.41958579950716,0.826139402419588
1.65216521608544,-0.41254401464901,1.40229791014136,0.755007885204882,1.41690368030395,0.785477538000251
1.63994714790185,-0.458711039058337,1.40036684829091,0.707290526381491,1.36829142881242,0.715825872416536
1.57772686502287,0.640796695255593,1.1015329739091,1.76723719340755,1.08964269470218,1.79618805916816
1.58589567648253,0.62030425484548,1.11394544512296,1.74899986484795,1.12057310377761,1.73248994718064
1.61016906882975,0.554254485817941,1.15194547418916,1.68977345726146,1.16918088849031,1.77049790991426
1.70164702487576,-0.0651142687655314,1.37537245805285,1.10490915378739,1.36341194452892,1.10911730371131
1.65640201697035,-0.395189604420405,1.40267622249488,0.772867978034545,1.34226561986302,0.751479838357627
1.69476667267614,-0.166157727631414,1.39053553201449,1.00477324107868,1.36028143466988,1.00042212895224
1.67193078616683,0.323248993088826,1.26226423532209,1.47762299569811,1.26955264213403,1.52899028165934
1.61909134438981,0.527622671790522,1.16642296601332,1.66570557929015,1.16043890903746,1.71298484722456
1.63510755795471,0.475673984137002,1.19330825246741,1.61845765215931,1.24261597954145,1.63673088695101
1.58659144154834,0.618522483723072,1.11501053066825,1.74741103189869,1.05807078284987,1.63523339820669
1.63950296725177,-0.460296084752024,1.40027643596301,0.705646904797323,1.35435298878544,0.645386288150242
1.62884945288399,-0.4966809087381,1.39775454647578,0.667818438554342,1.40683453898662,0.599434852484393
1.65388728883061,-0.405585134231904,1.40247223208294,0.762174555495883,1.36084017507829,0.681657590439578
1.67213239570878,-0.322204463790614,1.40222900399921,0.847527709909379,1.43716594395309,0.882125301592227
1.67562029213718,0.303544233751051,1.27013311418688,1.45918470021626,1.29036159090222,1.43199629312142
1.66285752589001,-0.367079438073472,1.40289152453666,0.801709071850399,1.39641178938925,0.85503522875204
1.69794873037344,0.129663311266618,1.32958433698382,1.29426445747433,1.28813790302232,1.29982306137443
1.64740891322951,-0.431145379051374,1.40168244017146,0.735817930249149,1.40558193015252,0.71016921549987
1.6999214512268,0.100546133313756,1.33781535075447,1.26626531299077,1.36008193403168,1.27573655827335
1.70200883064601,-0.0548489349793695,1.37350280089052,1.11500927077939,1.38460905244989,1.15983102567278
1.62645291348983,0.504473374387417,1.17862266989328,1.64469963024915,1.16682714134999,1.64960266598236
1.57657473418068,-0.643626112590614,1.37853998186722,0.513040081999975,1.3727336137577,0.480737862751042
1.69366755143448,-0.177010424787111,1.39181255679132,0.993940036992333,1.43183860506921,1.08333167679646
1.643499589449,-0.445815617432071,1.40104259834773,0.720649235216026,1.43311603692857,0.746637117385873
1.60946817665807,-0.556286485176783,1.39174025051311,0.605430243719048,1.40935867496523,0.688610181424179
1.61907068830909,0.527686053940892,1.16638907512096,1.66576298467379,1.12407121479721,1.69484094849465
1.70016219524102,-0.0963897045260962,1.38069531177632,1.07405425418788,1.29818609310629,1.04105343962264
1.70175800274141,0.0621463222640479,1.34792350828271,1.22917429572913,1.31959745126868,1.20368224620456
1.61410566664684,-0.542683482486744,1.3933220831419,0.619714703845902,1.36370303611445,0.5652022798505
1.69874358246846,0.118796911944686,1.33271336435954,1.28382800157405,1.31814635437989,1.33610051589503
1.69843781953677,-0.123091179345156,1.38479384729492,1.04761291844845,1.36516155815706,1.09536501593642
1.69624025422089,0.150371091723285,1.3234322880855,1.31411095229226,1.34301091654719,1.32543609174487
1.59312434766503,-0.601495867103224,1.38557394870057,0.557754404111537,1.36407947135053,0.523699312171371
1.59669623187249,-0.591948991374735,1.38699378176349,0.567848227323788,1.43977029688275,0.599903645386385
1.70194033703051,-0.0569346507308864,1.37388757798403,1.11295821052679,1.37009557140309,1.08033782284841
1.64955004559155,0.422879548280955,1.21884029261547,1.57004326553327,1.22065906438913,1.55483312994958
1.68216645856799,0.264874443716684,1.28489760462243,1.42284994029659,1.22182387791822,1.37880781030572
1.70158241182158,0.0667814423686509,1.34674838423686,1.23366141663591,1.31938152310889,1.22512431589924
1.65612991672358,-0.3963283540179,1.4026571657012,0.771697326067177,1.32404804535237,0.729881868571155
1.69290182566082,0.184189776968332,1.31284989545715,1.34640431915318,1.299681914357,1.38471381041149
1.59546610116836,-0.595256570974257,1.38650906878816,0.564352750576906,1.4083878903951,0.539357728780184
1.67736341616717,0.293759145167215,1.27395376462628,1.45000923999906,1.31769084488872,1.52143337147346
1.69988388486221,-0.101179262950218,1.381460746548,1.06931807047361,1.32992874836972,1.09092404553311
1.70276141754294,0.021119190148916,1.35778722273635,1.18933788590051,1.29176908130648,1.1804158841592
1.61482112889563,0.540550818089881,1.15945457899821,1.67740230060478,1.17159445683307,1.69632998625278
1.67026727170932,0.331737405672177,1.25880209071494,1.48554978466053,1.26321400044073,1.43481494683678
1.59197748796023,0.604524724964352,1.12329988984427,1.73491170108983,1.09227074758199,1.7514582335877
1.6682194565191,0.341886399490379,1.25460517758934,1.495014537314,1.27404143295521,1.50735690831711
1.70087958204002,-0.0827714483669704,1.3784467495111,1.08750473791057,1.37441676725878,1.06800238202332
1.70185229941354,-0.0595081191623584,1.37435889385364,1.11042673827909,1.38701730641,1.14351514252683
1.70282191858147,0.0154912512051661,1.35906497483348,1.18385658069933,1.345859234469,1.20619445811727
1.66575701779057,-0.353689161477776,1.4028226603136,0.815409503168771,1.37566584083869,0.889386435056745
1.70098216797004,-0.0806357830824065,1.37808443964803,1.08961194498247,1.40856270255726,1.11331349916055
1.63684163649801,-0.469672143406333,1.39970856276453,0.695917019016885,1.43458224770398,0.646908556658115
1.70260509263093,0.0312788077237603,1.35543462047604,1.19922259780071,1.40086010431581,1.15664290806162
1.69803364398145,-0.128546525322373,1.38558057439551,1.04219948902896,1.37129791923359,0.982578212970141
1.59992447272376,-0.583167340344923,1.38824382848755,0.577120568829085,1.37249113853082,0.515942802683165
1.6932331254968,-0.181118878049017,1.39227809207618,0.989834992412898,1.40311662293154,0.972294807392125
1.61895734287782,-0.528033698931591,1.39488634778711,0.635067488498297,1.37606840063749,0.665304072929509
1.69654482909856,0.146894888012952,1.32448238135729,1.31078318093407,1.33712492369682,1.29174989866159
1.66286750243742,-0.367034241730847,1.40289147745536,0.801755356174615,1.37966092611442,0.75934174308204
1.6994759153534,0.107815019357713,1.33580636507423,1.27326525463847,1.32935660859642,1.20226773137135
1.68782690238307,-0.22601507219065,1.3967220638936,0.944833363428554,1.35199902454272,0.940428179789436
1.67108006135064,0.32761851874049,1.26048750853437,1.48170462883391,1.19958372982767,1.45580272076029
1.66141111589194,0.373571371033793,1.24109724179903,1.52447343400901,1.24656437096978,1.51266867098299
1.6272719083651,-0.501825269900996,1.39732840349634,0.662454531336233,1.38763624736076,0.657187744520227
1.70039163046553,-0.0922538254392033,1.38002371069231,1.07814168471666,1.35485107069859,1.04540314120279
1.63725655152994,-0.468223717615501,1.39979998783326,0.697420925002002,1.39655294341233,0.721040810734587
1.61934377269277,-0.526847426781729,1.39500673083934,0.636309292643948,1.38354049154213,0.719574050678601
1.70279415850859,0.0182898609725039,1.35843185616605,1.18658277731815,1.39943503722644,1.22521647669591
1.65106107127879,-0.416941008025277,1.40217209793583,0.75047612420126,1.38905930181713,0.791996473210444
1.67630724039554,0.299727377900095,1.27163027394138,1.45560715927783,1.31077766860059,1.49645373664041
1.59230188485834,-0.603669754701993,1.38524173877295,0.555453997859489,1.36124641175579,0.547570962369065
1.64780045523211,-0.429646511684012,1.40174012404454,0.737366019747701,1.37408229542687,0.816814029811846
1.63945260406784,0.460475432874083,1.2008413332091,1.60456059920712,1.14177295793071,1.50441833560942
1.64604719506842,0.436315364011824,1.212511131613,1.58240177786874,1.22529633868114,1.56792625023554
1.65707020475811,-0.39237839105676,1.40271980989472,0.775757181321652,1.41434151619559,0.838736507190333
1.70281068031819,-0.0166808950500946,1.3660206320979,1.15244534142119,1.41658385567482,1.16722460029711
1.70223291385193,0.0473874694886562,1.35158306645623,1.21486846091311,1.42490589490733,1.27397452279771
1.6544267416957,-0.403379004941444,1.40252116528724,0.764445154839974,1.44518889444537,0.767612672154534
1.61358317520109,0.544235061323085,1.15744820361128,1.68073105943622,1.16805088233202,1.74654972732773
1.67816888497068,-0.289122221182758,1.40095856378686,0.881132173306982,1.43339966931517,0.934687080216613
1.5971530163266,0.5907154202357,1.13134291762486,1.72255076685813,1.13463974354437,1.70187212091369
1.68530146013185,0.244134089677875,1.29244938567409,1.40328054778153,1.28824080467363,1.38967649717998
1.69559564775403,0.157473377378423,1.32126503113316,1.32090513924338,1.30284762827586,1.28579664819095
1.70164525842789,0.0651604154012148,1.34716076052129,1.23209246031876,1.37002141063373,1.2717105453933
1.66247597738319,0.368803592565443,1.24316926305431,1.52004936693939,1.25334124277106,1.42609151998453
1.66564108183872,-0.354234741035536,1.40282761616935,0.814851763410219,1.36827065389288,0.834652598389814
1.62626030328085,-0.505093942983156,1.39704860633298,0.659044358010449,1.41478245207926,0.598363100723784
1.69162148819335,-0.195599606205932,1.39384038312234,0.975348857336921,1.42453722341105,0.902510581572827
1.61938980005247,-0.526705933848667,1.39502102692146,0.636457395277226,1.39494623799839,0.624843293985296
1.69543986140321,-0.159141891500792,1.3896735232307,1.01176838800571,1.39365016321888,1.06820109522317
1.58429546028742,0.624379980282885,1.11150063011133,1.7526323721461,1.12515625274179,1.82936872577348
1.6960579590505,0.152413466619048,1.32281205773578,1.31606539365932,1.29867504118059,1.36135979162573
1.69986582266924,0.101482265378735,1.33755832993992,1.26716718774948,1.31393948399134,1.19586098081538
1.70156437512462,-0.0672394420868841,1.37575195912072,1.10281650676349,1.42144399632902,1.16450284244518
1.70134824745803,-0.0725024560747709,1.37668062434304,1.09763156623251,1.40863709535765,1.09091238381105
1.69839488527408,-0.123682169047243,1.38487990596161,1.0470266539307,1.42319833334423,0.960929745136572
1.6201301969312,0.524424074825951,1.16812980133594,1.66280783010743,1.14751327006639,1.69999202490723
1.69921786436928,-0.111808383736158,1.38311218226974,1.05879692262577,1.41642782462601,1.02917138638195
1.68587436926754,0.240145947940353,1.29387230271486,1.39951109072628,1.323910634331,1.3619353029598
1.59104060871678,-0.606986199743891,1.38472853908309,0.551943121715342,1.41246662772688,0.494003960759519
1.64874947997904,-0.425990161311546,1.40187487718671,0.741141120753925,1.39427325556596,0.7237165808653
1.61701092194141,-0.533964552744449,1.39427038951608,0.628855872217526,1.3979524816699,0.685738657537482
1.6296425603355,-0.494072455019054,1.39796399563076,0.670536743409489,1.46464699031312,0.643285084055239
1.65219267970549,-0.412434012167985,1.40230090195435,0.755121224718347,1.41793811198742,0.84046503804984
1.70226513555091,-0.0462155120411485,1.37188352369961,1.12349335147287,1.32357531948747,1.07651499599198
1.64662222955602,-0.434140182887232,1.401562923502,0.732723833129934,1.3961617102971,0.721184352773706
1.70265958068235,0.028157016461185,1.35616381540145,1.19618667547042,1.29412050566142,1.18609371564809
1.68677958256595,0.233703027588475,1.29615120269993,1.39341705687058,1.31930247810929,1.47211163586675
1.63191989395669,0.48649761045022,1.1878524490068,1.62833420504641,1.16172629279051,1.57975076587165
1.66833699561323,0.341312370613229,1.25484422936613,1.49447958045736,1.25167023762036,1.57022842250427
1.58121706047397,0.632135328020378,1.10681591029204,1.75953710705453,1.12055155980738,1.78869776777805
1.66183453241854,-0.37168326855892,1.40288972718135,0.796992954002961,1.41249219122872,0.743609636995313
1.64703921188111,-0.432555545325046,1.40162687121053,0.734361166679795,1.3563378866679,0.649272174106559
1.6098960354615,0.555047043295181,1.15150729683796,1.69048808666458,1.12989484081004,1.64848063229257
1.61998555688579,0.52487070860053,1.16789187804734,1.66321254603258,1.1358456435911,1.62246111721691
1.69497803482865,-0.163987580974246,1.39027195079351,1.00693766603998,1.37376223363001,1.07934287850717
1.63422752621115,-0.478688685722955,1.3991089391686,0.686548344645208,1.46105686971819,0.654546964528386
1.63611518989033,-0.472196517009092,1.39954598591065,0.693295234218946,1.40841585647004,0.823086039149215
1.57671109194465,-0.64329200041978,1.37860075490371,0.513395793990961,1.3319275292302,0.374506849056852
1.65333340509264,0.407837120515221,1.22579120641101,1.556177002893,1.24793224065451,1.55567678298825
1.64778277327393,0.429714320644599,1.21563493495617,1.5763331818271,1.20451464287461,1.55476740357164
1.6132540042255,0.545210035780517,1.15691571963281,1.68161162149338,1.18507786694135,1.70692969393418
1.69092192174762,-0.201557733214854,1.39444760133389,0.969380611639064,1.38257513339414,0.981442228673808
1.70190491314622,-0.0579838932303318,1.37408019992322,1.11192619237638,1.37602129477416,1.07560923541107
1.69176805885215,0.194327816621823,1.30954771535327,1.3560563076402,1.3490957963243,1.39322872251162
1.68710592515718,0.231335389780581,1.29698249585532,1.39117626237621,1.30733138822394,1.32440291706846
1.58531618187888,0.621783779732443,1.11305932039873,1.75031880035052,1.1560233178093,1.7359923844247
1.69614773055422,0.15141116669898,1.32311673953138,1.31510631438414,1.31695120346107,1.37543010664082
1.6076943123467,0.561392432540248,1.14798376860854,1.69620615435937,1.14359936486333,1.73310372118954
1.60750813270451,0.561925322933785,1.14768661312068,1.69668608523639,1.16109922306974,1.6599359003695
1.57443296741524,0.648847668086615,1.09657385403596,1.77438387480938,1.0836712180355,1.83176521907746
1.67477246255004,-0.308187708952612,1.40177121102385,0.861783578690574,1.41316347260792,0.859862158158721
1.59941648158594,0.5845591361844,1.13488577379446,1.71703068728787,1.15290196819252,1.72781545743971
1.62448564217991,-0.510772810177599,1.39654576684552,0.653115942785014,1.38464405402974,0.667073579209983
1.63150870252789,0.487874798325483,1.18715279445633,1.62958967641004,1.15580095887196,1.62111814377312
1.62343260133579,-0.514109963126077,1.39624034584249,0.64962994180512,1.38242158229739,0.739582757103464
1.62024869126411,0.524057862952499,1.16832478452559,1.66247596628153,1.15908870691124,1.66071822811586
1.69330194839547,0.180474310707856,1.31404507999614,1.3428636523158,1.33456347499696,1.35888586705139
1.69753813181701,0.134932413795234,1.32804249728986,1.2993196293794,1.32886806792554,1.28766794436906
1.7023686717016,-0.0422299760159856,1.37112156634248,1.12740674362397,1.40130682544305,1.0825307874786
1.70279083358742,0.018596836183646,1.35836213703209,1.18688174901867,1.33454343767948,1.19118678038591
1.70183962948116,0.0598693643928984,1.34849625586157,1.22696903831047,1.36277756010944,1.25736828769481
1.68391808223335,0.253500212214759,1.28907066960869,1.41212488289138,1.31520348898178,1.44810774698822
1.70080627960471,0.0842642541209219,1.34220489975457,1.25056135263409,1.36009309895451,1.28547897074309
1.65704279403192,-0.392494132455866,1.4027181124388,0.775638250509744,1.37870174833958,0.805625977696942
1.69471565652292,-0.166677259401162,1.39059822688633,1.00425498895788,1.40752702221484,0.980353612717435
1.6939069061946,0.174705061207777,1.31588497036888,1.33736228728981,1.29737507315841,1.35149795386178
1.70277165161152,0.0202772713538717,1.35797952497242,1.18851815921215,1.35818867159349,1.21391453534841
1.63103517840452,-0.48945552614342,1.3983238112376,0.675345688206209,1.3825080189422,0.648881853345185
1.64608101726564,0.436187746117535,1.21257178598507,1.5822845118672,1.24271265620817,1.59621020835725
1.64273461377295,0.448626185122565,1.20661133423168,1.59370318937877,1.15011453453431,1.53141823783919
1.68655259725618,-0.235335509334712,1.39749626230202,0.935458129088163,1.40354622378204,0.954771088741097
1.64196809943358,-0.451423554666654,1.40076180095276,0.714842723826442,1.39607795894968,0.698229155001088
1.63632584728492,0.471465997472444,1.19540884264162,1.61461331846136,1.16199740754242,1.67810890487296
1.68541946581448,-0.243318083008687,1.39811858083899,0.927419585130259,1.4020646872971,0.948891287900765
1.67509624932897,-0.306422944228096,1.40170516927314,0.863576584797163,1.38946595121157,0.844682043471724
1.63505038521179,0.475870468808633,1.19320988901545,1.61863709457357,1.22648532352278,1.60488788180496
1.65545966344965,0.399118739169886,1.22975491346063,1.54812590518472,1.1682934093293,1.4059141212847
1.6733452824149,-0.315844947854452,1.40203600896482,0.853998976402182,1.41040132104075,0.867557465482956
1.62002023780977,0.524763655708128,1.16794891757963,1.66311554304286,1.18495989155404,1.63881575982592
1.6299112498899,-0.493185343200433,1.39803421286711,0.671460989586166,1.33100434233706,0.647666074846576
1.63656526357636,0.470634256424892,1.19582268543847,1.61385315566939,1.22204384691737,1.56401751331915
1.64781086142748,0.42960659937555,1.21568568287484,1.5762340987058,1.25617803505369,1.6292234571474
1.70177499972953,-0.0616791339184858,1.37475354465628,1.10829049600434,1.39877426366073,1.09239357524686
1.63076288470277,-0.490361987863329,1.39825426543975,0.674401770788386,1.45144248328694,0.717981854264364
1.61203167927755,-0.548813566041312,1.39262472683129,0.613280961375923,1.41285659836054,0.591382665324146
1.64743569347212,-0.431043038616131,1.40168642397796,0.735923641532206,1.33844487006134,0.701374004363118
1.6757922195288,0.302593625564248,1.27050680913387,1.45829387641808,1.23695795804128,1.49215280202388
1.70280325285911,-0.017422609386489,1.36617399335823,1.15171961719823,1.40916397503248,1.17607576070492
1.70286719693045,0.00926147308034374,1.36045818903536,1.17778441965065,1.35185439466455,1.18701475146808
1.611106174983,0.551524576240293,1.15345148661448,1.68731124264462,1.11887716868952,1.72236274440663
1.66054809253737,-0.377389053412916,1.40286935382036,0.791143980307164,1.33583461546521,0.739055717345332
1.63372015652142,-0.480417438735311,1.3989879557776,0.684750742353575,1.3608441344615,0.684909662060735
1.70111947569174,-0.077685228246077,1.37757956972571,1.09252222565865,1.35532845587265,1.12601804813871
1.66248689907277,-0.368754356824143,1.40289238216186,0.799993637117311,1.42130877117555,0.856914026877306
1.66643709802697,-0.350470916888725,1.40278971853624,0.818698655369903,1.42237126579455,0.85499243218046
1.67646586103533,-0.298838889785878,1.40140001634264,0.871277273058465,1.45386891606796,1.00957055398931
1.63457307538996,-0.477507409864606,1.3991904934576,0.687776418660257,1.43116130968727,0.650522540950344
1.64818224030666,-0.428179597836119,1.40179520177674,0.738880801092882,1.37766293650679,0.69155750438921
1.69433734524537,-0.170479986427268,1.39105234276626,1.00046056791833,1.39409556879567,1.01425564928407
1.57997408076281,0.635235680187357,1.10493106522372,1.76229474031334,1.11701734973174,1.74936881828696
1.6357048427371,0.473616018217049,1.19433700218895,1.616577852476,1.21150230223743,1.64573033759562
1.67421671915263,0.311192613304321,1.26710664612676,1.46634767571495,1.2285960444682,1.38958078845506
1.69866117614727,0.119969470763836,1.33237900474982,1.28495489493081,1.30883706859298,1.27651236338403
1.6671944253813,-0.346850419118802,1.40274508624547,0.822397243855022,1.39131725218603,0.852452742271777
1.66816700584324,-0.342142230485193,1.4026750687802,0.827204327224295,1.39923804464176,0.783228354790909
1.58277894809949,-0.62821434774959,1.38125969173322,0.52942965014896,1.43726862879293,0.543149641954754
1.65062929181582,0.418647114244183,1.22081043261399,1.56614495581308,1.23315664621387,1.48776556516101
1.67913612877704,0.283450747575353,1.27791662011376,1.4403292943745,1.24629753426197,1.38964381890037
1.66336870546253,0.364756103380458,1.24491726200365,1.51629122487192,1.24838924238555,1.53079682643214
1.68102825939561,-0.272004515364644,1.40004338804166,0.898462906930601,1.40076481071132,0.952898784065052
1.65636382565189,0.395349645677352,1.23145379080915,1.54464202935483,1.22693167215581,1.59485864320806
1.70285340213822,0.0115219829749973,1.35995522565403,1.17998830783229,1.4050673053047,1.21328977112195
1.62678585581689,-0.503398693462258,1.39719459607177,0.660813189094076,1.45962266084205,0.666765728595028
1.62911148780664,0.495820759510746,1.18309182155496,1.63682800747955,1.18751969357093,1.57910902649202
1.65752476591248,-0.390453730488203,1.40274681546273,0.777734607640511,1.41185966339359,0.8153789270329
1.68020905819533,-0.277019829657997,1.40032965125773,0.8933891980861,1.36183651627293,0.889960509574542
1.6799677270655,-0.278479624539659,1.40041015339739,0.891911781010166,1.43293397870985,0.884677711685417
1.62939390432661,0.494891876886941,1.18356867957988,1.63598231933157,1.15674733262215,1.61231439349606
1.64288531593651,-0.448073993828671,1.40093193345278,0.718311426588721,1.40885996961904,0.725276483197122
1.67688499708943,0.296477944882516,1.27289796187654,1.45255993348506,1.28167323361487,1.42492538215486
1.65408783602079,0.404766470935348,1.22719266250713,1.55334257602353,1.22237674821225,1.52247757516289
1.67226854353846,0.3214970972764,1.26297333826619,1.47598580542378,1.27831725574279,1.47178483557459
1.6582804302785,0.387231816643151,1.23508277358281,1.5371318359118,1.23729037105379,1.51452427322895
1.68238030050961,0.263512788537056,1.28540122866324,1.42156689858654,1.35412787000206,1.51396895116556
1.66234652299191,0.369386657531238,1.24291662199671,1.5205905653224,1.29067797748378,1.55424904686608
1.69335550683377,-0.179971088625726,1.39214902479931,0.990982049251028,1.46096777567657,1.04954860053794
1.61550264722774,0.538510596056899,1.16056172137975,1.67555806392586,1.19166779089543,1.7813003313851
1.70140850556721,0.0710743445200213,1.34564900952981,1.23781480411122,1.34921984352799,1.22413361671378
1.63660165143293,0.470507704285903,1.19588561381408,1.61373748570989,1.20210885055004,1.60453073353453
1.59413426916236,0.598814159107462,1.12664207640293,1.72980366266331,1.13305551675732,1.67794620637335
1.65423665567601,0.404157830906721,1.22746974743546,1.55278060278865,1.25652553815726,1.58694354574663
1.69935872996048,-0.109646578480615,1.38278158340774,1.06093793861593,1.37297335110393,1.03568350725162
1.69733082641501,0.137515566270592,1.32728074892722,1.30179660165874,1.33744023916675,1.27540555054821
1.70261307899707,0.0308410196572917,1.35553721696381,1.19879692640881,1.33022706037414,1.21346480352103
1.69673619021128,0.144667778349861,1.32515146542583,1.30865035111524,1.35743633746144,1.26707408154508
1.64792132307152,-0.429182686313892,1.40175768629427,0.73784501304197,1.38615809878381,0.6221203484953
1.70272118272663,0.0241462038299839,1.35709246621366,1.19228436584105,1.31508852747702,1.2414183078953
1.70288709036747,-0.00424531803296755,1.36340240137967,1.16460240859016,1.35457204807733,1.21599767166868
1.64032532537543,0.457356854324266,1.20236865168508,1.6017049954312,1.18567769943729,1.62151761095658
1.70010909966383,0.0973217062408498,1.33869677159116,1.26315802491384,1.31143496532817,1.17254999405949
1.64806987547696,-0.428611888321761,1.40177911215313,0.738434435723546,1.38334793730955,0.712265902052107
1.63137852733539,-0.488309907552996,1.39841093878836,0.676538474537851,1.418527454361,0.782265600878832
1.68992120639778,0.209782700508106,1.30439804740635,1.37074457574653,1.30211489218284,1.40385043129446
1.65984917746516,-0.380451275899571,1.40285012227457,0.788003069773007,1.35297697274786,0.732943696036767
1.70132792250637,-0.0729778416064718,1.37676372268828,1.0971630588447,1.42257915960235,1.09667514747336
1.67141517888967,0.32590453363309,1.26118582501123,1.48010387813142,1.26812625448996,1.46843966710992
1.68852513387062,0.220738165147291,1.30066277820256,1.38113779410932,1.32485412450408,1.38047819633571
1.68180031191861,-0.267189401166755,1.39975444661205,0.903330956097079,1.36383673222084,0.844228591265761
1.66402484227561,0.361751004912261,1.24620856159971,1.5134995089705,1.24123386683352,1.5946379199298
1.69192163483546,-0.192986131214356,1.39356748050916,0.97796531748416,1.42996549688773,1.03698875248224
1.61541480733185,-0.538774039387927,1.39375360257261,0.623814872824974,1.35817880348268,0.622060080133019
1.6758576633798,0.302230966905423,1.27064923113616,1.45795399382995,1.28418472246616,1.52877138014096
1.67832946530855,0.288188603422306,1.2761031501925,1.44478005956968,1.32758428441897,1.43097620843623
1.61154304763949,-0.550246736355792,1.39245803075691,0.61177598614463,1.36998127223787,0.602544949598888
1.67359800394444,0.31450307861539,1.26578575541976,1.46944561645435,1.20041220442313,1.44102881840233
1.61269731890933,-0.546854480504687,1.39285034821003,0.615337703278219,1.32895028103371,0.534416233408816
1.62294660321654,0.51564211268405,1.17278104927378,1.65484410635238,1.17002096964825,1.68165797360879
1.62439873188862,0.511049141574502,1.17519329593904,1.65067455873671,1.21949265047026,1.66455757014262
1.70036779738758,0.0926920647773432,1.33995184422914,1.25869424879196,1.3294043912489,1.30667912406308
1.64002668490867,0.458426589600637,1.20184545410487,1.60268468108587,1.19499853041367,1.62840758472023
1.63019573659135,-0.492244172809354,1.3981081464707,0.672441432450695,1.34420670695461,0.62147609758228
1.65730092870295,-0.391402729916037,1.40273378765282,0.776759654674174,1.41322254201777,0.841900722657091
1.59739320155158,-0.590065610675783,1.38726638312503,0.569837844897201,1.39173914621265,0.620613503144051
1.68349078655931,0.256322525025214,1.28804236231198,1.41478770381977,1.30960564755155,1.46335900912919
1.68049885285982,-0.275256372863973,1.40023070713725,0.895173566566256,1.37784698800631,0.920685047866599
1.67073049636885,0.329396529684943,1.25976122310694,1.48336475776655,1.30638475371801,1.49062554289749
