0.269217023452629,0.0471053185286949,0.704667420567222,-0.881129687541118,0.714325940835897,-0.845984559050272
0.271214466650857,-0.0337554414824353,0.642688993906376,-0.933102054406153,0.659888650603235,-0.946661669695284
0.272936496456215,0.0142262311449568,0.681278621004424,-0.904535518473241,0.625096635102757,-0.977468282399086
0.271297010465793,0.033085478124197,0.695002256126754,-0.891496310293067,0.689473068369793,-0.902131807737399
0.271348934012269,0.0326568945368104,0.694699524178357,-0.891804098066502,0.757524873320356,-0.864755696635756
0.269913309277772,0.0429362576979511,0.701841783122617,-0.884273197552616,0.703655581108516,-0.940330170531956
0.269979124652641,-0.0425204539272191,0.635065633804679,-0.937600486774172,0.64059281305843,-0.933793008719484
0.258949271443674,-0.0874184852829957,0.593084326984952,-0.956966972236009,0.642931023855643,-0.977637204660257
0.271807498720447,0.0285902149295393,0.691805735679626,-0.894697910905023,0.65370261507743,-0.948699374627654
0.268721368138733,-0.0498552209505734,0.62854658502531,-0.941189743207943,0.65552268150859,-0.889931076369663
0.260309044829772,0.0832821585346764,0.727400035178422,-0.851611149824924,0.717681767630343,-0.87886042822445
0.269951164051225,-0.042697608572044,0.634909688205911,-0.93768906743594,0.642752578148726,-0.962989916049282
0.269417672269894,0.0459438202488088,0.703884353836434,-0.882010678288618,0.722942107925921,-0.809732976981505
0.270884556592349,-0.0363080397453467,0.640487485720316,-0.934435456163028,0.633918983664497,-0.894728815585641
0.271769287305477,-0.0289511869852722,0.646791249452128,-0.930540768270313,0.626678959737425,-0.922405363795568
0.272588435732829,0.0198055915112978,0.685424040326949,-0.900785064233406,0.705726402674709,-0.877587599967653
0.2595842870485,0.0855144120479413,0.728693565100647,-0.849652831687005,0.724802026023347,-0.889564924052402
0.268646444182058,-0.050257385315191,0.628185429954175,-0.941381880632839,0.631622646425829,-0.968165665783722
0.256427194207136,0.094561148583543,0.733798847977422,-0.841544393865717,0.752660572177201,-0.799262550636584
0.268516972138732,0.0509446015180271,0.70723286270843,-0.878188825025736,0.735734413367955,-0.861418524518963
0.252867653872737,-0.103704707584953,0.576558969950481,-0.962365090800023,0.568709354943113,-0.988926641579299
0.263002782120398,0.0743387741848996,0.722086694335839,-0.859292865343563,0.691309640210478,-0.788056785612004
0.270089188940426,0.0418156282732405,0.701075229365284,-0.885109343054535,0.714550697557364,-0.903036720256374
0.272978505205111,0.0133959862035747,0.680655655599428,-0.905085959661611,0.722099876733616,-0.912315083825607
0.271090013114618,-0.0347407763283884,0.64184098957785,-0.933619028390154,0.622235189151902,-0.964115387980008
0.270953836565024,-0.035787360912441,0.64093778668201,-0.934165020947962,0.65673142299723,-1.02608396312067
0.258385032828899,-0.0890723950525194,0.591439402149576,-0.957556891744157,0.636163613435822,-0.913307829442323
0.273160441266488,-0.00894930597760635,0.663297667061226,-0.919158820682043,0.660994936194165,-0.876079899646444
0.271226829917189,0.0336559576220246,0.695404552258404,-0.891085786250771,0.70585791602228,-0.863396551396194
0.272870693137435,0.0154370196954949,0.682184292998806,-0.903729232401509,0.678696883796466,-0.955742990889668
0.272499625962361,-0.0209921556957968,0.653469594722405,-0.926149950798411,0.62422639855234,-0.99281956024163
0.257532360321264,0.091508470305987,0.732100997559998,-0.844311620052015,0.706774935990426,-0.820496746509469
0.27166904767569,-0.0298771699691685,0.646004746905166,-0.931039673284788,0.607085333996884,-0.977211644007244
0.256583686229497,0.0941356930779505,0.733563752400283,-0.841931991866113,0.728247414388468,-0.796305809379431
0.254906344314577,-0.0985873844797662,0.581831089783816,-0.960768843029945,0.638842848887202,-0.979708381185792
0.27301458379742,-0.0126393743636499,0.660321532860936,-0.921345257124482,0.667712147452146,-0.895198937849757
0.269918283505598,0.0429049761656479,0.701820425669992,-0.884296588500075,0.753304439219885,-0.898859957301409
0.26984089555728,0.0433890289730986,0.702150652939771,-0.88393430964996,0.673753043701624,-0.92049087918452
0.273298288358817,0.00218227645449475,0.672087203350712,-0.912326897008631,0.656292179698014,-0.948567951988073
0.272245685089698,0.0240624957230963,0.68853876363217,-0.897863213757474,0.743382239722248,-0.818051956190956
0.268206451305529,0.0525548877696235,0.708298332349164,-0.876942141647886,0.665324305746923,-0.864933162593268
0.265683399128441,0.0641018578353275,0.715753782846673,-0.867770742198196,0.674524903515517,-0.880267834784928
0.271062887533778,-0.034951791831517,0.641659089310139,-0.933729371637809,0.704797677895761,-0.848296865717173
0.272960798499047,0.0137520628687322,0.68092302721759,-0.904850128076128,0.712057638022631,-0.929356509138556
0.262736672357427,0.0752738849065806,0.722651942429601,-0.858501827379714,0.730089897118776,-0.926543977083987
0.272637194096293,0.0191226866753439,0.684920485574459,-0.90124892736432,0.686933541566194,-0.881998009305523
0.273301275863499,0.00176900021665784,0.671765932024379,-0.912586879525006,0.707043456200777,-0.892409969983252
0.262844918148131,0.0748950315714275,0.722423206418739,-0.858822649508154,0.742980178693524,-0.845695524285287
0.270464311535195,0.0393163189550572,0.699354921725243,-0.886960776459409,0.723137282912162,-0.913790664106705
0.260347610883611,-0.0831615190913376,0.597284537404926,-0.95540641247293,0.642700714743898,-0.903082513349134
0.273306678137469,0.000420042670591872,0.670714572486046,-0.913432076997085,0.711376685574394,-0.872234758537854
0.254048518604919,-0.100777313642652,0.579584030845798,-0.961463379433369,0.587160979657126,-1.01299146359005
0.273029407746751,-0.0123150012521883,0.660584396414001,-0.921154625497035,0.617914474501183,-0.944337351943277
0.259450318457971,0.0859200151445557,0.728927180074593,-0.849295220866168,0.772260423535057,-0.777058952784274
0.256015990453531,-0.0956688527289876,0.584804822045267,-0.959816971940352,0.553133708186679,-0.979524133710478
0.256769732893888,0.0936270314598547,0.733282024444266,-0.842394570899202,0.654438629288005,-0.797074138117538
0.264740851639016,-0.0678896032086752,0.611964249236978,-0.949320523910855,0.623987752432796,-0.940300655951126
0.271881646459611,-0.0278762814735816,0.647701747655975,-0.929958497320177,0.652413105802693,-0.937913432026325
0.266015787512279,-0.0627081936002386,0.616810333737661,-0.947087156045148,0.59820199906838,-1.01000806508617
0.259636043004726,-0.0853571433638167,0.595124206307441,-0.956218855911821,0.599841537000287,-0.952991749505844
0.272925758526947,-0.0144307686168646,0.65886549564282,-0.922392605642688,0.702671002296313,-0.875499593526604
0.269146767097626,-0.0475050998449581,0.630649309836714,-0.940057231904338,0.641555253572074,-0.855672297584053
0.25998727188693,-0.0842812862216438,0.596184365876369,-0.955822759955685,0.587092392326912,-0.99426850841195
0.273306902678592,-0.000231729622189872,0.670205102564639,-0.913838583542221,0.673515897325191,-0.920977393206605
0.267586326516735,-0.0556262043614533,0.623326736121866,-0.943900046961682,0.570865042885087,-0.966889427405183
0.2714024899697,-0.0322087750252889,0.644015525053375,-0.932284836556293,0.596931391033452,-0.941796951861289
0.273020912781818,0.01250191721962,0.679983035877131,-0.905676502174736,0.646172800349359,-0.90458905582771
0.27311226710257,0.010315343352387,0.678330342714257,-0.90711109486891,0.6421447590217,-0.863293244826642
0.272784725849249,-0.0168881643091507,0.656856175596272,-0.923814335840434,0.726662864053567,-0.859171555055106
0.2722026138101,-0.024544934005459,0.650506571776492,-0.928132611878422,0.668561105371796,-0.942525384265307
0.272107426668945,-0.0255786063339606,0.649639018570123,-0.928702603552634,0.680889253558723,-0.812544038479434
0.269264111982018,-0.0468354005952571,0.631246092237289,-0.939731474827199,0.622097651006631,-0.967343318234751
0.264715881134092,-0.0679869033401625,0.611872604653042,-0.949361659199098,0.588729732420038,-0.94316902670238
0.26168039220683,-0.078867541389742,0.601472815955729,-0.953771520018299,0.626678269963631,-0.878742248458662
0.253772410573202,-0.101470588754816,0.57886983799503,-0.961679700024707,0.591817561094752,-0.889946139282578
0.267925380176838,0.0539695044212906,0.709229170861696,-0.875840469775619,0.695815660475997,-0.924751661695958
0.273304931156228,0.00106365223290275,0.671216710977526,-0.913029468929586,0.61452568181053,-0.948561903277659
0.269159026495109,0.0474355900836955,0.704889497659287,-0.880878441223127,0.770931400558955,-0.88023561767772
0.267580432342816,0.0556545503765407,0.71033163122576,-0.874520261449191,0.774221869370489,-0.84840606158332
0.268819293174869,-0.049324480406254,0.629022611113256,-0.940935432371207,0.595174960650744,-0.964343903034805
0.26543257023466,-0.0651326907858524,0.614551067661161,-0.948142639721736,0.654011368246334,-0.981656094389821
0.257449601159263,-0.0917410465022043,0.588769656748258,-0.958489196662413,0.579449495937567,-0.947294565516978
0.272837698459839,-0.016009592422072,0.657576140766134,-0.923308030781776,0.637990609488261,-0.915522320904124
0.269869659836021,0.0432097610543397,0.702028418701652,-0.884068560018524,0.669193519472694,-0.908627219254475
0.254325581912761,0.100076046760043,0.736800657933037,-0.836463054168019,0.722336584994715,-0.862347814357077
0.27308274195793,0.0110694532440192,0.678901561979138,-0.906617878877429,0.684160651908612,-0.918136992474062
0.255951098934555,-0.0958423273119785,0.584628730177455,-0.95987438269082,0.539255395283793,-1.07528375834731
0.272738341805082,0.0176213977821582,0.683809710765604,-0.902263953730387,0.68743791045806,-0.949542767618138
0.269177112277333,-0.0473328530348531,0.630802904686345,-0.939973575370285,0.582218843271193,-1.00236572689973
0.273156940102339,0.00905554108323252,0.677373174545308,-0.907931415861343,0.671946655606324,-0.904304463245611
0.273036246969956,-0.0121624253726032,0.660707956695404,-0.921064853391875,0.630440247085539,-0.926867234081225
0.261047907960149,-0.0809364349351541,0.599460876197911,-0.954566790560605,0.639151132213468,-0.952272879938519
0.272092867094561,-0.025733022104773,0.649509206650377,-0.928787486277458,0.627292752847295,-0.915463337256369
0.267416150201864,0.0564386335908037,0.710842275285606,-0.87390299509431,0.703718041688352,-0.866909030727511
0.258684993050342,0.0881974552973468,0.730230749815646,-0.847277013106962,0.743749559509201,-0.804805623750422
0.270182860381877,0.0412060518158477,0.700657008775837,-0.885562608247235,0.69408943894303,-0.890503406950571
0.254848396164227,0.0987370838282375,0.736079680451114,-0.837706576562206,0.717823789894045,-0.84288333432505
0.261610973968225,-0.0790975034358198,0.601249735411792,-0.953860607084725,0.545407383656439,-0.955805556745927
0.271501962577606,0.0313592261845065,0.69378030069096,-0.892732747125402,0.68131848861001,-0.897682024786317
0.272228490997581,-0.0242562453723374,0.650748425092226,-0.927972869180955,0.686830040656704,-0.865174995031303
0.272979425499516,0.0133772196041375,0.680641556042041,-0.905098378787091,0.693885875412907,-0.924496497519593
0.265672631200032,-0.0641464713108569,0.615471836199279,-0.947715505762457,0.57880893126584,-0.946834144900249
0.2723590963133,-0.0227428979196927,0.652013108859881,-0.927131529042396,0.682235623893402,-0.918297245844106
0.271158406304426,-0.034202857202681,0.642304217595102,-0.933337151789056,0.637932120907824,-0.917342806812608
0.2715724822931,-0.0307425374936201,0.645267929193548,-0.931503661954193,0.668662618171145,-0.954777071366414
0.271949390287447,-0.0272074598716746,0.648266921311954,-0.929594505149966,0.653065624924308,-0.893801125805021
0.260930594964543,-0.081313844834891,0.599092649854692,-0.95471035215546,0.525728790138804,-1.09209383219496
0.273306877550644,0.000259680381217166,0.670589312200588,-0.913532206735456,0.636868087637949,-0.959359063916756
0.264884581898461,0.0673266293739749,0.71777717559738,-0.865135757906067,0.768275215787356,-0.74934893400279
0.271245214901702,-0.0335074639940468,0.642902052597218,-0.932971500647364,0.636889944563849,-0.866725250890322
0.27330682029723,-0.000314212349907955,0.670140559334317,-0.913889940903701,0.650794702358724,-0.920678071299067
0.261099887202814,-0.0807685932343809,0.599624513976225,-0.954502795594437,0.608240877364397,-0.992405088943442
0.272826428425011,0.0162005155237586,0.6827536619599,-0.903218640362123,0.700915982365156,-0.918529271804747
0.273286842674716,0.00331939320784287,0.672969160488194,-0.911609041088495,0.649980065493995,-0.951709883577863
0.271543360992896,-0.0309987072482864,0.645049479387377,-0.931640595060179,0.654725665057013,-0.903337657690644
0.262253522878274,0.0769402787122445,0.723653660662019,-0.857085189699288,0.683573427858827,-0.80830343369745
0.271258561853338,-0.0333992420818507,0.642994990328849,-0.932914468187864,0.621385494781442,-0.949388130868378
0.273150293809822,-0.00925385011716556,0.663053222892487,-0.91934074690936,0.643270412854078,-0.931446887484644
0.26754495988757,-0.0558248259212824,0.623145648250079,-0.943991528679687,0.629109005810995,-0.9476623569907
0.26713224907722,0.0577674497734599,0.711704263550183,-0.872852600631456,0.772312273880935,-0.790291903458632
0.268990255535236,-0.0483834597509468,0.62986496166596,-0.940482449425903,0.648727113747214,-0.942748018321867
0.2732543094861,0.00536647907457386,0.674549460855214,-0.910307399930523,0.645729431099698,-0.911516333638766
0.273225403673773,0.0066779890451449,0.675556888070066,-0.909467171178534,0.622478286265998,-0.977971669921225
0.261638965546335,0.0790048635099552,0.724884794894502,-0.855317564285694,0.700101545182415,-0.836917273898045
0.257322409635122,0.0920972000114959,0.732430427061858,-0.843780434434679,0.779673171981279,-0.872227213926358
0.256318844528358,-0.0948544500275567,0.585630396687015,-0.959546049697559,0.602123105509548,-0.932179651181301
0.25420559287581,0.100380442821502,0.736963856010679,-0.836179468698233,0.702577355069871,-0.892581194326939
0.271832316612116,0.0283532783937502,0.691635951034458,-0.894865027702515,0.733780170464556,-0.743203793291155
0.258055253377054,-0.0900233467212104,0.590490276196914,-0.957891889488967,0.563747414543721,-0.96081946372914
0.266336542157281,-0.0613315829086913,0.618086649106528,-0.946479735583222,0.616930146685425,-0.981020943876171
0.271653830244953,-0.0300152172011008,0.645887323149555,-0.931113837090384,0.623695247499035,-0.950599331502124
0.272853988340208,-0.0157295199298886,0.657805280300137,-0.923146163444004,0.657396894221361,-0.869991659403294
0.267708896141348,0.0550332960775946,0.709925970342994,-0.875008010462194,0.688247282891474,-0.885190816776811
0.258865762556374,0.0876654648450012,0.729927491521334,-0.84775000979049,0.706452517084122,-0.924828962042745
0.271889336294118,0.0278011791103753,0.691239821276518,-0.895253802801657,0.667757698324533,-0.873313977819632
0.255972478826495,0.0957852119786901,0.734472441945999,-0.840425748060188,0.798803888479477,-0.81656857522243
0.267838972969843,0.0543967031063734,0.709509322010519,-0.875506583184438,0.646077129102506,-0.946605258828486
0.273249531333579,0.00560449608463374,0.674732583574642,-0.910155278277072,0.707086072691243,-0.835277013067588
0.263039285787268,0.0742095066882075,0.722008379521522,-0.859401995510128,0.707358626762317,-0.858493423801336
0.264931151427254,0.0671431437587821,0.717662743846233,-0.865286559319602,0.735091706524603,-0.901173971066297
0.261978696403944,-0.0778709148583302,0.602438031870336,-0.953383437455796,0.635149065613423,-0.867881501221474
0.267596883786724,0.0555753950774757,0.710279997252435,-0.874582471932033,0.663895735555407,-0.851316292024475
0.27214931832718,0.0251289730079515,0.689312547042873,-0.897122997852922,0.712731436467921,-0.940406776730601
0.272424396830034,-0.0219468622398538,0.652676225865088,-0.926686318082887,0.644621113520844,-0.921171871666121
0.263548116477713,0.0723816762132024,0.720896446947514,-0.860939356517749,0.688306048456076,-0.844560275527707
0.255535687645166,-0.0969444639476397,0.583508010208733,-0.960236678777918,0.582499090894842,-0.992510363304366
0.259677582183369,-0.0852306873243596,0.595248976731778,-0.956172498879041,0.592337919378178,-0.940636779395955
0.256554971105643,0.094213924402742,0.733607018451873,-0.841860768644504,0.74334597654986,-0.842048679793378
0.27239604915699,-0.022295944789255,0.652385611389721,-0.926881780211113,0.665150078609037,-0.929420582584696
0.273219268015458,0.00692447366090337,0.67574578516672,-0.909308709198916,0.666087641793333,-0.957518043029533
0.259687727990561,0.0851997692572201,0.728512038784011,-0.849929866541519,0.752177871641504,-0.781792572374611
0.271152841584262,-0.0342469451362147,0.642266276789499,-0.933360286336036,0.651999270015327,-0.90837790882892
0.271045818548301,0.0350839136623107,0.696408200347811,-0.89005403333399,0.736699485032451,-0.871601880911582
0.268961114392965,0.0485451922941655,0.705633693853241,-0.880031943561843,0.750659303943446,-0.849137963484897
0.266865249453873,-0.058988603851126,0.620248194644291,-0.945432451878662,0.604735221518592,-0.893767911839377
0.27304782292193,0.0118997120964061,0.679528958163422,-0.906072972345088,0.670782153986277,-0.920048384848141
0.273138082047574,-0.00960754316960462,0.662769063067735,-0.919551699739343,0.69660939899044,-0.931509091145667
0.272282763109723,0.0236392399141184,0.688230942316371,-0.89815607259197,0.752338217945595,-0.849263628849253
0.273143896396571,0.0094407950768109,0.677666266460661,-0.907681040329425,0.718694269184241,-0.849278830955094
0.273278597856722,0.00394014007963016,0.673449372110273,-0.911215605637782,0.673420161532853,-0.927299480455188
0.269457432061121,-0.0457100542267193,0.632246502352027,-0.939181059797883,0.638939687404432,-0.989528740764836
0.261286941370159,0.0801614060493583,0.725569615668673,-0.854321305196237,0.776465019924152,-0.900571177855586
0.257399714807068,0.091880920585414,0.732309515736603,-0.84397571200938,0.696810770517773,-0.909087404518247
0.265441199578717,0.0650975139048682,0.71638127655882,-0.86696065376357,0.70860392892383,-0.806630140802074
0.254967580712663,0.0984289059977542,0.735913023933172,-0.837991890664232,0.710872513022713,-0.809107968926934
0.273257493454257,0.00520182866688159,0.674422708406878,-0.910412536561851,0.718601831470126,-0.93728631240775
0.26077073501869,-0.0818250603922477,0.598593278273279,-0.954904064757137,0.559051318036458,-0.982556880646167
0.271406642189946,0.032173767661898,0.69435775202368,-0.892150412382291,0.677875868958858,-0.887396174773407
0.265291996407352,-0.0657029176869975,0.614017579536058,-0.948388220950837,0.615929364004294,-0.975102837150145
0.262637730002164,0.0756183808983853,0.722859614997569,-0.858209698670841,0.733301024107644,-0.83916758708916
0.256941203938145,0.0931554317750684,0.733020187794576,-0.842822648170952,0.720466541720389,-0.879091945221513
0.260158091099346,-0.0837525186840805,0.596704293336967,-0.955626673883186,0.564566729718567,-1.01822151001566
0.269821504518871,-0.0435094524161808,0.634194088056822,-0.93809381235341,0.623720579183189,-0.98349062752398
0.265803835132258,0.0636006130423787,0.715436950672958,-0.8681773975156,0.705135170036656,-0.847722576705654
0.273020687387088,-0.0125068384920025,0.660428965581575,-0.921267403276689,0.622951370990296,-0.958074966986174
0.273302285313865,-0.00160548827526912,0.669128104962815,-0.914691408449593,0.626809891871269,-0.951908966392316
0.25485928360538,-0.0987089778618726,0.581706679131496,-0.960807851368945,0.588154802868152,-0.959139484902612
0.272862292998371,0.0155847941935161,0.682294598564243,-0.903630538192788,0.704259014426273,-0.933465359800937
0.272864508404666,0.0155459577853141,0.682265614162287,-0.903656481960254,0.699143832020286,-0.91776155381458
0.268397714945375,0.0515692094421104,0.707646885360415,-0.877706183771139,0.707642564655589,-0.850272564957682
0.258334816735819,-0.0892179310029863,0.591294304057203,-0.957608359330775,0.571483901797431,-0.925949312330901
0.266385086827953,0.0611203915730839,0.713860073487897,-0.870178099995664,0.661404047099773,-0.897673071268739
0.265426072847777,-0.0651591636148706,0.614526318365028,-0.948154063339965,0.582611702400298,-0.954498577826967
0.273226375024727,0.00663812784076703,0.675526326822147,-0.90949278112314,0.655880720905268,-0.951718437787224
0.258283246901377,0.0893671143120626,0.73089482823495,-0.846233700099313,0.721486049305507,-0.871066430382955
0.253632969734799,0.10181862999417,0.737731363180155,-0.834835142714681,0.745419262170513,-0.847994343984834
0.25448460017484,0.0996709838630833,0.736583081917489,-0.836839914136212,0.743563277142284,-0.811440767249267
0.270100379761278,-0.0417432821325348,0.6357488849297,-0.937210785991544,0.661631360189068,-0.934631460135253
0.26790202341833,0.0540853270189581,0.709305169441367,-0.875750000840694,0.720071232637632,-0.822442008577557
0.266070650936584,-0.0624749986839976,0.617026868177462,-0.946984673360429,0.572721562427178,-1.01187458467397
0.262372146456786,0.0765347863003595,0.723410565770306,-0.857430733507073,0.747975386543824,-0.832503463425032
0.271209504174704,0.0337952895489041,0.695502692275905,-0.890985376569139,0.661225064969446,-0.935150599808003
0.260076326223113,-0.0840060788792815,0.596455064593556,-0.955720818989452,0.581188726762348,-0.962248640678273
0.272761409048754,0.0172606629108287,0.683542038865411,-0.902506880672018,0.659846958503412,-0.909294356823144
0.255397769872612,0.0973072242666456,0.735304190230337,-0.839027532562541,0.7548496205938,-0.919022777670317
0.263342370729222,0.0731266882136466,0.721350692436421,-0.86031402842016,0.665096647298982,-0.897140822102551
0.26792457777495,0.0539734876999618,0.709231785083782,-0.875837359116421,0.727420444993184,-0.895735175586891
0.269838953003495,0.0434011081927743,0.702158886444444,-0.883925260314959,0.677975923046046,-0.813696123700342
0.267913149511496,-0.054030186647963,0.624778385348243,-0.943160587473111,0.59665192700625,-0.913451348195768
0.255658963280434,-0.0966188969340718,0.58383941871942,-0.960130099410223,0.540595238541491,-0.988668772117045
0.27318601222981,-0.00813138809535575,0.663953125009239,-0.918668903939467,0.636453456907762,-0.956674717985751
0.261058609263721,-0.0809019114710837,0.599494540977295,-0.95455363494969,0.559262488705272,-0.983755437760776
0.263711839839004,-0.0717828829116717,0.608278647220755,-0.95094312364842,0.578276056717634,-0.955900287395783
0.272764396106027,-0.0172133949962576,0.656589209070893,-0.924001197213174,0.692376312448556,-0.86338684020549
0.27098424296267,0.0355563892476661,0.696739233398646,-0.889711335433854,0.689291404865188,-0.897210589107437
0.254651685160876,0.0992433171307213,0.736352861334703,-0.837237173132069,0.701332512836435,-0.819638162076941
0.269224364575906,-0.0470633431566718,0.63104308822619,-0.939842502026905,0.666947014329489,-0.934329696639995
0.273223931111482,0.00673796841573436,0.675602866909693,-0.90942862718234,0.693338220757529,-0.852242944682272
0.257819177646703,0.0906972347316107,0.731645514988809,-0.845041622081223,0.742249846403025,-0.858365849437285
0.263994053995707,-0.0707379403523657,0.609271609703816,-0.950512339143444,0.590554442331029,-1.00627935879764
0.266284725466969,0.0615561673056725,0.714138231522392,-0.869827955740053,0.733948465025588,-0.812201548532801
0.260126396436977,-0.0838509071334099,0.596607605809238,-0.95566323014894,0.574694911851693,-0.92758660009255
0.260995211013548,0.0811062055478912,0.726126466743526,-0.853504194693409,0.699820002375115,-0.8884377018323
0.273265317259411,0.00477316807753866,0.674092423381623,-0.910685891486584,0.653471877232161,-0.945665609495278
0.254575846240067,0.0994376953752295,0.736457562587919,-0.837056695733421,0.720643094215021,-0.78717676292315
0.26779677812128,0.0546040509325523,0.709645138511149,-0.875344325967578,0.724904336785453,-0.880445907421835
0.269141877455678,0.0475327944688292,0.704954809014236,-0.880804433054947,0.732158669957237,-0.859027280934895
0.252715891353014,-0.104073988143218,0.576175623117993,-0.962476648852747,0.511612844248187,-0.946280914202014
0.266034227599113,-0.0626299169417168,0.616883032960481,-0.94705277443563,0.600967124375391,-0.953631250339884
0.26848082086802,-0.0511347785408031,0.627396157123202,-0.941799371174996,0.580405606210816,-1.00525200628105
0.258568602381503,-0.0885380969575194,0.591971602738641,-0.957367327064001,0.628777594299925,-0.950389158040688
0.268652103867279,0.050227122534225,0.706756122299011,-0.878741776432538,0.756298475334945,-0.805537190940191
0.26457848574133,0.0685196441409907,0.718519146063076,-0.864152671480689,0.696724235876475,-0.90449157518795
0.27124215161357,-0.0335322522122226,0.642880761372422,-0.932984559102143,0.669170075223285,-0.872101584287697
0.26222250350239,-0.0770459305046166,0.603235068783231,-0.953059750501151,0.619590793625381,-0.951496863396499
0.270990547910811,0.0355083045692338,0.696705567449761,-0.889746242346589,0.707925702569067,-0.924650163703452
0.264154290391561,0.0701372056622857,0.719519436608748,-0.862812572307426,0.747633796568919,-0.886099653481704
0.270769937512106,0.0371531652766357,0.697854122672295,-0.88854830386922,0.720630237255723,-0.839114886976509
0.262422570663576,-0.0763617126360044,0.603894774165165,-0.952789621328789,0.610409408950216,-0.935629472879863
0.272070241398653,-0.025971147368984,0.649308915051412,-0.928918248806322,0.625271756536862,-0.929610317162141
0.270629686114903,0.0381613645423221,0.698554980702436,-0.887810107259003,0.745624187374018,-0.926285866352237
0.273285623325305,0.00341830865821269,0.673045740659623,-0.911546421359345,0.640627371134974,-0.877790331572231
0.254267790173259,0.100222789977084,0.736879365210775,-0.836326384415209,0.733522148627518,-0.843491748195188
0.268771744949775,-0.0495829191056343,0.628790899455899,-0.941059372287666,0.617302521478906,-0.929398919257172
0.262037275949219,0.0776735654099639,0.724092191636021,-0.856458960747372,0.755402677807964,-0.784644027944339
0.271964625569836,-0.0270547442982203,0.648395825128784,-0.9295112106951,0.685652341675521,-0.959570732535645
0.262252270406678,-0.0769445476751004,0.603332895754877,-0.953019820182718,0.644052219654482,-0.914732209810437
0.258758318510324,-0.0879820967702664,0.592524603760127,-0.957169038667983,0.636878992366715,-0.990601013288045
0.268513181978862,0.050964574500035,0.7072461163711,-0.878173409911466,0.662254172516559,-0.981110875985837
0.271928538844033,-0.0274150781967199,0.648091588693805,-0.929707636156328,0.659492507805751,-0.870041787897889
0.272104462080259,-0.0256101242948123,0.649612527003235,-0.928719934667027,0.649890500946101,-0.925378022083165
0.270014738507395,-0.0422937080328305,0.63526512520352,-0.937486973651313,0.615301786537627,-0.929433228913537
0.269755809845121,-0.0439149155206488,0.633836107519333,-0.938295222517063,0.639589476087596,-0.977467560310093
0.268458480833034,-0.0512519347849668,0.627290627275372,-0.941854941976023,0.617308438713023,-0.932037195937365
0.273194553153387,-0.00783918858709277,0.664186915563773,-0.918493417539379,0.62498054645784,-0.971082203887468
0.253489109946098,0.102176258930917,0.73792130153934,-0.83449970640938,0.712417487549369,-0.827012050357439
0.272194429152601,-0.0246355330503056,0.650430631373423,-0.928182694118061,0.619864486045274,-0.979596748460942
0.256913307102756,0.0932323408689716,0.733062930157128,-0.842752889066935,0.704583570280592,-0.841309055772348
0.264012867078052,-0.0706676925306751,0.609338263847405,-0.950483254548519,0.605091991441091,-0.838722316134578
0.258221821536028,0.0895444450147448,0.730995186066239,-0.846075120279282,0.737220667784566,-0.808150462872132
0.267872292260609,0.0542323869051505,0.709401617978689,-0.875635073770276,0.678279226645924,-0.910817954544143
0.262657699726202,0.075548987583707,0.72281780714025,-0.85826857417565,0.673677271035401,-0.892672444256487
0.272423815236951,0.0219540803070107,0.687001279459312,-0.899316929112816,0.653580913160992,-0.979495802409396
0.26041470658391,-0.0829511744654592,0.597490831486705,-0.955327739437794,0.616632571763596,-0.941182762245933
0.27313988507566,-0.00955614625454301,0.662810373512373,-0.919521067387949,0.690054132699532,-0.861650541942961
0.271295000279781,0.033101957246917,0.69501388767877,-0.891484465069088,0.649934761316383,-0.865630168999659
0.256969447601437,-0.0930774932504929,0.587425371670289,-0.958946946571484,0.598426863712712,-0.980033049644985
0.254214090027764,-0.100358921784458,0.580014385798169,-0.961332001132132,0.565589381341291,-0.953167307173606
0.269591031257519,-0.044915393974566,0.632951123020673,-0.938790107914723,0.60335478981112,-0.940771204276212
0.257763126647495,0.090856410292784,0.731735028130054,-0.84489856275321,0.740575923345458,-0.838131866853818
0.273290433593682,0.00300926179657327,0.672728912568139,-0.911805192366503,0.628645166838512,-0.963359159515962
0.261519890535893,0.0793981335075185,0.725118051850081,-0.854979287266419,0.681420518613643,-0.907117939618097
0.272055360288044,-0.0261265705542342,0.649178114997445,-0.929003508174421,0.636943403261254,-0.934938725792062
0.260938528742032,0.0812883815088398,0.726233569963694,-0.853346302765555,0.65271305328289,-0.907623619024506
0.273205076183841,0.00746345079466674,0.676158354876336,-0.908961601155921,0.65032481016327,-0.939774137713575
0.260416689870184,0.0829449479319826,0.727203484404256,-0.851905541126544,0.684608567810009,-0.850947115080294
0.260113095394476,-0.0838921590775171,0.596567059401721,-0.955678547768262,0.539965507274097,-0.954093464108372
0.266347223170301,-0.0612851814050731,0.618129588477673,-0.9464591590436,0.589886095920885,-0.962905624069073
0.269888003765982,0.0430950365308621,0.701950153566516,-0.884154424939624,0.703018558320445,-0.870627619862093
0.271688153659939,-0.0297029276542945,0.646152895214113,-0.930945984963834,0.635949090324307,-0.883832758499094
0.25261724327244,-0.104313206986536,0.575927082231401,-0.962548652508843,0.645196898418236,-0.952354083128716
0.272179528814242,-0.0247996138042546,0.650293050123555,-0.928273335794923,0.644608419064358,-0.915611326402281
0.270584717426816,-0.0384789220929245,0.638603181793169,-0.935554398700582,0.610235843935227,-0.928786913079064
0.272348691211747,-0.0228671630429219,0.651909461230768,-0.927200863420368,0.674058644686804,-0.926352889900977
0.264787224478011,-0.0677085113085089,0.612134751954807,-0.949243884888711,0.631450704076107,-0.949427575526588
0.266218164953742,-0.0618433941423452,0.617612673144084,-0.946706254209912,0.58750153419161,-0.96258157672434
0.272566864274765,0.0201002798439475,0.685641004047774,-0.900584481868656,0.681668139937469,-0.93417763957817
0.272555108655069,0.0202590596130857,0.685757822561815,-0.900476303107066,0.64832185939847,-0.857589235805773
0.264313977112855,-0.0695330011805047,0.610413179574149,-0.950011292798365,0.598368161386169,-0.955818497390672
0.257654282285487,0.0911646179739353,0.731908154315899,-0.844621314861178,0.721467881419795,-0.881818397465591
0.256873081180146,-0.0933431139152802,0.587157610081865,-0.959037193768,0.653440688704891,-0.939401751034964
0.265841660082053,-0.0634423243206067,0.616127773798169,-0.947408683968579,0.637331453442747,-0.875822932614223
0.273301260753509,0.00177133309282247,0.671767746641475,-0.912585413338011,0.634135555177069,-1.00606853335937
0.26766257530396,0.0552581444859926,0.710072898013974,-0.874831616907222,0.66411197500854,-0.875986775672426
0.262814461253338,-0.0750018380208166,0.605202351783266,-0.952248254562154,0.58234159605497,-0.92805733757449
0.257792074031804,0.0907742436859922,0.731688829943895,-0.84497242092761,0.742315541176616,-0.808480759330303
0.2727936292937,-0.0167437321751855,0.656974655305159,-0.923731254728099,0.715976830954513,-0.951657125271589
0.256893746392441,-0.0932862252148701,0.587214973614565,-0.959017885729526,0.567545520475855,-0.893887244093159
0.270752997635077,0.0372764137492187,0.697939927862693,-0.888458222712874,0.692236149448685,-0.904066812686615
0.269230213655303,-0.0470298714170351,0.631072905683094,-0.939826208213727,0.580643627061392,-0.952914748376732
0.266720806883139,0.0596383092147201,0.712910554155839,-0.87136456074532,0.750887614196131,-0.87827911282755
0.255447188741792,0.0971774177177917,0.735233505596909,-0.839147096969258,0.753745639973435,-0.83192669333759
0.270325359383147,0.0402606113311186,0.700006622003811,-0.886263436844185,0.72767821772602,-0.929812309970006
0.27330679116528,-0.000338604963323822,0.670121468994364,-0.91390512508489,0.693172675815751,-0.917660583886273
0.259866150282044,-0.0846540057408566,0.595817432482307,-0.955960419563028,0.529693024384454,-1.02263929081649
0.269518347543312,-0.0453494993126196,0.632566390456725,-0.939003909741364,0.667936953698671,-0.932751643892022
0.273184568049914,0.00817976342963547,0.676705642523098,-0.908498999160384,0.674498881375104,-0.895375261256522
0.253423440074282,-0.10233902858294,0.577973262503192,-0.961948252685509,0.558402179094936,-0.969220472024492
0.269341543974326,-0.0463880312139829,0.631644155929929,-0.939513116467303,0.616975633714475,-0.907039959713039
0.272630981655569,0.0192110538988265,0.684985705446162,-0.901188979645926,0.71929132120837,-0.879546018736242
0.264290907445022,-0.069620636252979,0.610330276967858,-0.950047888882467,0.670428932882357,-1.03407153615285
0.264183974626096,-0.0700253118603648,0.609947203280787,-0.95021656468171,0.641996794001184,-0.954788174073888
0.27068989303827,0.0377319302092134,0.698256747632307,-0.888124902042879,0.755464899193186,-0.812757399966606
0.272898830645877,0.0149313422871547,0.68180645387029,-0.904066484463993,0.664547865726256,-0.868781448231318
0.273081978250122,0.0110882778366552,0.678915804500402,-0.906605546030006,0.630554876156152,-0.847772003229399
0.255094454582363,0.0980996227908646,0.735734659185956,-0.838296374532611,0.723244255060224,-0.875576323692798
0.271917974492986,0.0275196638426968,0.691037562937042,-0.895451698118637,0.656772520176977,-0.85653776731849
0.270716275737987,-0.0375421736309582,0.639417626529408,-0.935073269776233,0.604257044026239,-0.945517590128355
0.273269772205631,0.00451091443782299,0.673890148950118,-0.910852870145248,0.661876292756272,-0.887285179126502
0.262157373559187,0.0772672520472416,0.723849373804209,-0.856806168876886,0.676336284234529,-0.867313458488996
0.252984017261791,0.103420519049505,0.738579280531708,-0.833329080291419,0.709827039836648,-0.829630520345856
0.263705738503476,0.0718052938906293,0.720544048676694,-0.861421929562483,0.716943123848532,-0.853730591016492
0.27134632472132,-0.0326785680624943,0.643613186892006,-0.93253380249139,0.647062270929408,-0.949211113740395
0.268080167248764,0.0531953069194818,0.708720336814798,-0.876444149096252,0.683574734356159,-0.988486710980893
0.257191967783449,0.0924608482443253,0.732633436882517,-0.843451736812808,0.724131169991159,-0.899537575196359
0.270929003873117,0.0359748747142205,0.697032002802842,-0.889407250710958,0.69599467952081,-0.954597574042383
0.273277216934086,-0.00403478068097594,0.667213053421921,-0.916186288916991,0.655773475667582,-0.941941643253597
0.269461571371332,-0.0456856465914165,0.632268166824207,-0.939169079931639,0.654377876171933,-1.03118525731715
0.27254409856413,0.0204066432381365,0.685866351778253,-0.900375687215355,0.657112529919159,-0.900146895090347
0.271054154206779,-0.0350194551304125,0.641600739930879,-0.933764726170162,0.655924483150159,-0.885970451190048
0.25569748739277,0.0965168984758995,0.734873098971588,-0.839754585362576,0.782350163826254,-0.878406183279771
0.273024215261676,-0.0124295869251277,0.660491566660076,-0.921222001124159,0.713271926257717,-0.899861067641761
0.255511625964467,0.0970078643583989,0.735141106407279,-0.839303183122081,0.718541694226969,-0.868932551860937
0.270688683021065,0.0377406098878143,0.698262779773841,-0.888118544824088,0.714079316560504,-0.900057563887234
0.269734973289322,0.0440427171617734,0.702595726289114,-0.883443965394802,0.671605089266662,-0.865436142252125
0.255838045264958,0.0961437015377938,0.734668929754812,-0.840097145431712,0.749482362621469,-0.842116852418456
0.257158248046648,0.092554590442406,0.73268571062814,-0.843366930705307,0.679808710520628,-0.893757690574823
0.263970708779395,0.0708250072847642,0.719942767926683,-0.862240240344781,0.665384312708532,-0.935585705421396
0.263348915375434,-0.0731031156720794,0.607020123109049,-0.951482424833441,0.577903427509395,-0.961651081285584
0.264154784200879,0.0701353458262683,0.719518290286878,-0.86281411787652,0.661491086975221,-0.879570973529852
0.273198612078484,-0.00769643480924458,0.664301062800673,-0.918407594906753,0.680118979818871,-0.90605212045448
0.2698979531698,-0.0430326808964454,0.634614527752722,-0.937856355114373,0.636848798988236,-0.921963728894505
0.273261218519976,0.00500231979792841,0.674269038041571,-0.910539827895932,0.705516193009022,-0.864281772004564
0.264088662046353,0.0703839138507513,0.719671419299591,-0.862607454605521,0.729384633808455,-0.814746983057003
0.273177927069255,0.00839862563327405,0.676872627085078,-0.90835736257307,0.6974361890349,-0.922726675616566
0.268459217203987,-0.0512480775113143,0.627294102285309,-0.941853113012341,0.59608390591553,-0.953783477429212
0.27151308564612,-0.0312627745618582,0.644824135150168,-0.931781549370067,0.672253465396941,-0.898951651880691
0.265076548712823,-0.0665668090934316,0.613207801800674,-0.94875833727102,0.612332770708483,-0.946970936326433
0.271429094951713,-0.0319837953357134,0.644208019131817,-0.932165380641603,0.623400008605439,-0.92821648649476
0.265231641931289,-0.0659461361174062,0.613789784619805,-0.94849265918043,0.649783364515919,-0.973271981521708
0.26386285731952,0.0712257627376632,0.720188874674413,-0.861906072214722,0.743774118312706,-0.824003341178307
0.272176461271875,-0.024833257537075,0.650264832267078,-0.928291911670409,0.64433305458456,-0.951511533390179
0.25327606212971,-0.102703228296146,0.577596621751555,-0.962060071439983,0.58634367617963,-0.965190979198503
0.270238398781646,-0.040840232299968,0.636541009034612,-0.936755717147851,0.624648197942619,-0.861204548444283
0.263803676710323,0.0714446422378789,0.720323118255393,-0.861723344983349,0.693540926350218,-0.878556587291101
0.269286463031128,-0.0467067187732994,0.631360640609011,-0.939668727307451,0.637983637922433,-0.923618882072205
0.266661833659186,0.0599014458915954,0.71307953097561,-0.871154404645622,0.704497699872861,-0.978910801188008
0.273223288037339,0.00676399471082987,0.67562281552824,-0.909411898936801,0.663292044124762,-0.878443957778103
0.26327259381738,-0.0733775040121404,0.606758002685179,-0.951593810760627,0.618210979167807,-0.878764110822715
0.273253243824286,0.00542046952658235,0.674591010730927,-0.910272907723121,0.65950634646529,-0.966165666649211
0.26935596947011,-0.0463041948553297,0.631718699394301,-0.939472129861195,0.621378258191954,-0.953994464857107
0.26942455448782,0.0459034442000048,0.703857075021005,-0.882041230808472,0.756563027960304,-0.88672893696363
0.268689051078067,0.0500290973449536,0.706624323505709,-0.878894118646173,0.634779773850022,-0.998749021918276
0.273093211091836,-0.0108080898373821,0.661802401948815,-0.920265066394962,0.637578473869349,-0.989201080833305
0.264831105076092,-0.0675366754775444,0.612296463781535,-0.949171067687533,0.572135336898979,-0.971095770266185
0.262186308384606,-0.0771690122136829,0.603116268311472,-0.953108182325068,0.667527441549414,-0.920022407459085
0.268966171613673,-0.0485171647756475,0.629745405420053,-0.940546973630451,0.621631585006909,-0.915693869177049
0.271757514577141,0.029061486906871,0.692143054041443,-0.894365026519716,0.743930241537361,-0.882795249555864
0.265442291804509,0.0650930600905584,0.716378475116145,-0.866964284374817,0.72202398656778,-0.878076976593795
0.270934778897227,0.0359313558649509,0.697001576432017,-0.889438896834001,0.698953540096266,-0.823426294598912
0.269476844292376,-0.0455954728082248,0.632348193721212,-0.939124805005912,0.595113646198958,-0.98825696949757
0.26260072193761,-0.0757467991946116,0.604486628662624,-0.952545562584461,0.570544479884528,-1.00333208563984
0.267881344135536,-0.0541876574001995,0.624635433329801,-0.943233890543805,0.622394937277321,-0.923202202767542
0.270208763390897,0.0410358494142034,0.700540078928273,-0.885688969768872,0.680831670273416,-0.872168715137245
0.257992478377101,-0.0902030922486818,0.590310600672349,-0.957954864572434,0.655690311926523,-0.926678521173922
0.273306849755252,-0.000287449549215858,0.670161503087528,-0.913873279344046,0.63402993783741,-0.931181811034533
0.253637662604272,0.101806939149671,0.737725147954443,-0.834846100353037,0.781723128015774,-0.841352326316352
0.259603410042318,0.0854563411619228,0.728660082189239,-0.849703986465269,0.74209482445484,-0.791774358724377
0.272830351755384,0.0161343085199388,0.682704341707004,-0.903262983033787,0.671927874975602,-0.899968302221413
0.267341252654213,0.0567923531794502,0.711072149758632,-0.873623916401666,0.678361638571404,-0.858492886018486
0.268189989292199,0.0526388297156495,0.708353702332827,-0.876876938786793,0.684704158836119,-0.841779543069695
0.270097091817227,0.0417645512637126,0.701040219950807,-0.885147364854362,0.679586111403174,-0.866176213028055
0.270660936136824,0.0379390880217339,0.698400668428322,-0.887973113815721,0.655707781712471,-0.996033674521311
0.269325363841417,-0.0464818797174925,0.631560690251947,-0.939558972970779,0.679776425970259,-0.87033445384873
0.272742221263103,0.0175612496950355,0.683765100527703,-0.902304484820348,0.658008653689017,-0.937714863786002
0.272116728675094,0.0254794569319774,0.689566267392907,-0.896879016192951,0.651074118325431,-0.91202660122364
0.265025336486882,0.0667704108898393,0.717430027518227,-0.865592571946346,0.717965529609862,-0.858199771470446
0.253796059963276,-0.101411422914287,0.578930842395975,-0.961661305639647,0.579565524479407,-1.03296051760519
0.266457818412294,-0.0608025308465361,0.618575912726221,-0.94624473531738,0.574830344532198,-0.904577487063258
0.253487899411213,0.102179262095954,0.737922894986679,-0.834496887664886,0.722917532809968,-0.829058930673156
0.264862123914589,0.0674149246520096,0.717832211342422,-0.865063152920491,0.725525575443721,-0.831971427238435
0.271837748565611,0.0283011520112337,0.69159858069796,-0.894901771733636,0.732287954010249,-0.880394237663427
0.270515062112409,0.0389655991959873,0.699112338949963,-0.887219104869823,0.688010902162217,-0.870939645577593
0.265338229186711,0.0655159589904907,0.71664425751443,-0.866619273904325,0.745799215675898,-0.853432735194197
0.269224797099427,-0.0470608688525343,0.631045292489275,-0.939841297667402,0.579854808116129,-0.976779757685941
0.271016138680854,0.0353124528304547,0.69656838815496,-0.889888350165417,0.683721263116633,-0.85180624189469
0.254844391090973,-0.0987474206238026,0.581667337013781,-0.960820173329174,0.587106296534795,-0.9608444486988
0.273140990948652,0.00952448497145911,0.677729890867981,-0.907626594256224,0.601254907872138,-0.991586138072364
0.273236257481722,0.0062180662400263,0.67520404861745,-0.909762384851138,0.682305559422668,-0.882442595708794
0.261652607016574,0.0789596731997621,0.724857965773434,-0.855356403082126,0.705137147824938,-0.897512703248811
0.265121980435306,-0.0663856327863506,0.613377783799537,-0.948680909784182,0.578224066080077,-0.991974264938971
0.257764429380231,0.0908527143054445,0.731732950454913,-0.844901885508243,0.768898450531,-0.84934757010073
0.254401621727875,0.0998825891364972,0.736696801740509,-0.836643114704684,0.746005892625258,-0.785311883047713
0.270908795046481,-0.0361267424056892,0.640644349944464,-0.93434138255776,0.616824086828605,-0.940341152304555
0.272017970757389,0.0265130219970344,0.690312826581498,-0.896157448976438,0.678668034703193,-0.948417502592473
0.273245275672177,0.00580827626917852,0.674889262824025,-0.910024909235195,0.629309672579314,-0.946430307131923
0.273165876520814,-0.00878183665292567,0.663431997010472,-0.919058665894668,0.630133156914166,-0.910867110350785
0.271622528704156,-0.0302971723225644,0.645647352978373,-0.931265140738452,0.688831609283327,-0.91714434579741
0.270994979412204,-0.0354744680546752,0.64120808186819,-0.934002124702939,0.704637367272637,-0.92263049229925
0.258793104693879,-0.0878797229927708,0.592626334680436,-0.957132415058955,0.616630042762924,-1.03476317074256
0.272295098458831,-0.0234967254245911,0.651383805835935,-0.92755144491084,0.628077824923601,-0.989212099309811
0.26759985652094,-0.0555610793663635,0.623386091210933,-0.943870025312809,0.634246353104964,-0.938998234576532
0.273291115027621,-0.00294672654696875,0.668072449252364,-0.915518835726009,0.6509134420039,-0.999762405712606
0.269938994292032,0.0427744796694169,0.701731304248821,-0.884394136665059,0.679440861886551,-0.915555163445995
0.262290913140074,-0.0768127179217686,0.603460062080978,-0.952967848361374,0.634713178598755,-0.958825377075866
0.264371902821603,0.0693124357447336,0.719010227715162,-0.863496901825495,0.782048869343146,-0.860662659679453
0.257864694506987,0.0905677430280855,0.731572643918773,-0.845157939289769,0.740288144766707,-0.880186977619121
0.264248283218525,0.0697822439195321,0.719300495385879,-0.863107355670709,0.750379597280571,-0.812289418815108
0.273287915177128,-0.00322988676612515,0.667849056124674,-0.915692862905658,0.645833564656793,-0.997506213389954
0.271158096709828,0.0342053115624848,0.695791232976775,-0.890689564055869,0.687317154389872,-0.864569284154246
0.273146783579191,-0.00935688894482471,0.662970470183729,-0.919402239274072,0.652256391493603,-0.937204284167343
0.27274676412424,-0.0174905520249981,0.656361512389979,-0.924160197612113,0.698304694406017,-0.914546161323964
0.255228067183673,-0.0977514729918139,0.582685245061088,-0.960499264873379,0.56853191354499,-0.941177561677811
0.25809190207889,0.089918223023388,0.731206441863662,-0.845740515956024,0.731948772361272,-0.824796643564026
0.255918963400857,-0.0959281028803029,0.584541629601322,-0.959902731064404,0.603654527465806,-0.819725232264405
0.273258691430985,-0.00513851221743322,0.666338514849817,-0.916859897694203,0.652741249717955,-0.982174620082902
0.272207390798208,-0.0244918995836335,0.650551016600699,-0.928103283954613,0.621202683115544,-0.909785337916468
0.273209227355939,0.00730991367621258,0.676040894702732,-0.909060565728319,0.669063806968845,-0.866726308955246
0.252652949954241,0.104226693460949,0.739003219329715,-0.83256763519206,0.71631532069005,-0.815296028303244
0.259765795687018,0.0849614509143625,0.728374370973257,-0.850139479927673,0.711183767289533,-0.850094399432871
0.253697849369761,-0.101656863887988,0.578677709269475,-0.961737530389684,0.606327554085685,-0.921844212965105
0.266700749741675,0.0597279401755289,0.712968130993592,-0.871293000240755,0.709442844636774,-0.989428393647991
0.273288759713726,-0.00315762007157327,0.667906086755165,-0.915648470388617,0.693876012375119,-0.869565226876565
0.272291735077624,-0.0235356699246044,0.651351258964575,-0.927573094104337,0.608276810992607,-0.933414004257992
0.264554821980226,0.0686109533339549,0.718575786626658,-0.864077244768799,0.715494957413203,-0.826375590151655
0.261574759231692,0.0792171830051111,0.725010776167555,-0.855134997208423,0.685698299868068,-0.888751531820339
0.252637577673756,0.104263949174775,0.73902276549202,-0.832532389727682,0.738604728747299,-0.830072297941396
0.265536515078864,-0.0647076186407382,0.614948226284148,-0.947958911968317,0.577821081114095,-0.969887390538544
0.261849942385925,0.0783027740432671,0.724467371011895,-0.855920223516359,0.734639412316495,-0.912446959474361
0.27018902817339,-0.0411655900613887,0.636255838357852,-0.936919951172926,0.662511003619205,-0.855837285499736
0.272643114298508,-0.0190380927614495,0.655086898182586,-0.925043930739061,0.641577258958387,-1.01754909915631
0.264914834339776,0.067207494352284,0.717702886027851,-0.865233683507714,0.722915728101722,-0.860813183472818
0.271845217756303,-0.0282293169136454,0.647403004566911,-0.930150105355245,0.67451882991579,-0.947925741909667
0.272848214937686,-0.0158293510827685,0.657723624701517,-0.923203886528434,0.678439018953448,-0.881842274322566
0.259341617805014,-0.0862475624273594,0.594244450506956,-0.956543759033474,0.595714648190455,-0.952698668988149
0.270945466415733,0.0358506761323136,0.696945157155692,-0.889497550969143,0.644585370173172,-1.00653302091775
0.268809330105685,0.0493787484502765,0.706190811454089,-0.879393606414184,0.692001746533043,-0.828887305012474
0.269969564158966,-0.0425811129281661,0.635012245293207,-0.937630827905956,0.572048326142632,-1.00065638673245
0.271097676307011,-0.0346809263331,0.641892562716683,-0.933587708144233,0.630031584236973,-0.999908242731985
0.268691680379395,0.050014974210531,0.706614920033536,-0.878904979164691,0.734496636121611,-0.897289647483152
0.253680910057373,0.101699127935525,0.737667813693534,-0.834947126996164,0.752647452590532,-0.802185662919816
0.269983281081637,0.0424940547227142,0.701539654131969,-0.884603587621556,0.778276614850821,-0.860994767945841
0.25925444170214,-0.0865092550429988,0.593985489666754,-0.956638743143905,0.587885383125733,-1.07622501130977
0.273234823144831,-0.0062807779291912,0.665430516224309,-0.917553352196977,0.687802867281652,-0.845860035495454
0.27176391306318,0.0290015914558376,0.692100211759913,-0.894407369696161,0.695538190240796,-0.906789364887495
0.273253177088434,0.00542383272785318,0.674593598757233,-0.910270758840551,0.644948760295308,-0.88363608349755
0.262535056557053,-0.0759740799810577,0.604267984175558,-0.9526359123845,0.605256291264836,-0.906787358407697
0.269070102870882,-0.0479374226615917,0.630263489446548,-0.940266810166515,0.612234371967499,-0.929978073149731
0.253549215853234,0.102027015493903,0.737842082090609,-0.834639744270357,0.708683075247627,-0.845184216104363
0.266004091207211,0.06275779004561,0.714902805995885,-0.868859411124989,0.695839010383377,-0.818598093336743
0.257630405874348,0.0912320706736481,0.731946009313244,-0.844560594610162,0.725604859052232,-0.907766873576646
0.271371279682257,-0.0324706839163796,0.643791285585619,-0.932423714237635,0.72738794814919,-0.918139433997719
0.26620634557612,-0.0618942511497662,0.617565540404014,-0.946728718352556,0.600841110947227,-1.00890757337652
0.270569330549912,0.0385869682166837,0.69885012597739,-0.887497584382197,0.676974700222951,-0.918159621914676
0.271546940836053,-0.0309673323514342,0.645076242659772,-0.931623834192653,0.622191375909247,-1.00518692482962
0.272986922988713,-0.0132233364752498,0.659847698174073,-0.921687686033378,0.659805811449664,-0.866394200887958
0.259341957190887,0.0862465419062293,0.729114930817881,-0.849006930129778,0.765407779855178,-0.823716327593119
0.263980028014686,0.0707902645831243,0.719921413028573,-0.862269186359884,0.683210084223038,-0.858180127732453
0.272313138610317,-0.0232867191888745,0.651559252892713,-0.9274346271195,0.573936664626224,-0.941090170579959
0.26870515446082,0.0499425341424502,0.706566680426063,-0.878960675256158,0.703859327841877,-0.809793489759611
0.269621247614767,-0.0447336515951839,0.633112061986743,-0.938700430883609,0.664621185765041,-0.950493493993783
0.269672945080177,-0.0444209347286507,0.633388799578563,-0.938545896836171,0.557035216898165,-1.03482837355663
0.269833704667465,-0.0434337262483266,0.634260902961495,-0.938056141879068,0.658634559889637,-0.972580249697539
0.254495230883303,-0.099643836778988,0.580748769028395,-0.96110601879463,0.620298113332588,-0.918365189086555
0.258721440167989,0.0880904827310229,0.730169831782063,-0.847372199847189,0.735679951021099,-0.837383055652105
0.270394981006616,0.0397903379831668,0.699682326944888,-0.886611052878059,0.637712288485728,-0.905897247526795
0.267376666945768,-0.0566253893881097,0.622414783016514,-0.944359034310997,0.623047964922361,-0.934693423843799
0.273306410136516,-0.000568268135451385,0.669941661640437,-0.914048004871034,0.687786165928971,-0.917581228262523
0.266220191611079,0.0618346693121542,0.714315755602013,-0.869603872748005,0.740623232309129,-0.928422503838521
0.272098749300725,-0.0256707494897267,0.649561563684372,-0.92875326318693,0.671981716979471,-0.909228675035117
0.266658385871747,-0.0599167922594115,0.619393495701637,-0.945849364315888,0.642582761244286,-0.867141772081247
0.269138322542896,0.0475529188292287,0.704968327696009,-0.880789107503424,0.740556896644495,-0.912548891927524
0.267056274550111,0.0581176649031828,0.711930726529463,-0.872574864632939,0.674034750675712,-0.849241351190005
0.270163944878972,0.0413298879482484,0.700742041793591,-0.885470616020229,0.733454555621587,-0.811493810182271
0.272100615305452,0.0256509629600407,0.689690319627771,-0.896759496314402,0.634127178070135,-0.959716262854773
0.267527762154747,0.0559071840361883,0.710496325379785,-0.874321581429239,0.712185471543653,-0.87459020466248
0.273295891181464,0.00246426737838517,0.6723061929002,-0.912149222573692,0.682643188511677,-0.896011057429854
0.27085748117065,-0.0365094733497218,0.640313108650185,-0.934539865036425,0.674962315924024,-0.871220583840597
0.252613011254254,-0.104323455154827,0.575916431014323,-0.96255173252605,0.544978966359051,-0.932199010351177
0.272758976391759,0.0172990620584663,0.683570545941147,-0.902481039638906,0.689323055130203,-0.894227831091281
0.264279418719304,-0.0696642346672234,0.610289025737543,-0.950066086369677,0.652511699006504,-0.92326296718467
0.265498181476917,-0.0648647237166154,0.614801490324295,-0.948026882756091,0.627251560457981,-0.964515910782386
0.263064478807756,-0.074120150701321,0.606047595553168,-0.951894073427254,0.629940761661481,-0.932006184061094
0.27330452489581,0.00116336660553456,0.671294422712776,-0.912966986873271,0.670290607133266,-0.987435674144471
0.25390740343777,-0.101132325345917,0.579218478416648,-0.961574366916436,0.56039139237828,-0.94898055933477
0.273237125065903,-0.00617982492495881,0.665510884772363,-0.917492215429088,0.697357685644286,-0.805188803545131
0.256121618675975,-0.0953857075099893,0.585092059826994,-0.959723041151112,0.604244024818834,-0.903044767901362
0.273026069243541,-0.0123887958980815,0.660524616303274,-0.921198020585786,0.69494323224246,-0.966365721274345
0.26382086351434,-0.0713811510479571,0.608660722735293,-0.950777917857667,0.594312204421257,-0.903595880591982
0.272868919873908,0.0154683327230112,0.682207670637389,-0.903708324599855,0.683937991512236,-0.972458917692198
0.264809993871961,0.0676194047290804,0.717959591751864,-0.864894915366557,0.751031927456196,-0.795307653599591
0.258940905373272,-0.087443263175921,0.593059737947574,-0.956975878096587,0.559383373035434,-0.97148740678335
0.267312375371514,-0.0569281189187019,0.622138002877224,-0.944497494881944,0.640038845631854,-0.997947261894763
0.267888610664586,-0.0541517222863757,0.624668060531173,-0.943217169282472,0.639646639102735,-0.981688522622
0.271461048621123,-0.0317114463861733,0.644440884950201,-0.932020575607393,0.693538010562563,-0.899103062864589
0.272610541588703,-0.0194989580515732,0.654706248650561,-0.92530577750882,0.716945349237137,-0.853980895555942
0.260858895125874,-0.0815435686249459,0.598868333193219,-0.954797506742075,0.640270050346077,-0.966423357392848
0.272581620200551,-0.0198991728276764,0.654375297070117,-0.925532668154519,0.618785487069847,-0.990447552904886
0.270702090846137,0.0376443191187309,0.698195850394438,-0.888189058228178,0.646446125770963,-0.941952065394644
0.273150981169028,0.00923353869220409,0.677508632966176,-0.907815788555303,0.635078136368607,-0.898140581157891
