1.84123591836591,0.441009542402586,0.692671076122768,1.18348532778904,0.681691990889544,1.17350780006061
1.89105023280034,-0.0925642511808595,1.21269943062763,1.05405206455052,1.22317170578618,1.08520371482017
1.79614545474952,-0.598749220419994,1.65902333311086,0.797098539467419,1.63208959341034,0.829270156652054
1.78460010548327,0.632330283222291,0.493385203433845,1.19330276713401,0.474074791905576,1.16515591579624
1.88468297414681,-0.180580205260802,1.29365813903104,1.01893742815749,1.27401479593859,0.955536333159246
1.85430087524355,0.382370746320794,0.752331305319244,1.17642426863617,0.758878735389409,1.20725687458748
1.839676904065,0.447468448296325,0.686059998252975,1.18414988804527,0.687749729190229,1.1934044176364
1.83952115060302,0.448108312860906,0.685404626403798,1.18421449099591,0.621274310295856,1.17097500390432
1.88795832412266,0.142311243220054,0.990015338164057,1.12880400588332,0.959015955583027,1.11275760646407
1.87545646757089,-0.259426601984878,1.36501764822863,0.984156641118606,1.34958597232275,0.941029916715211
1.85741252453321,0.366957541519554,0.767906356311038,1.17426393760832,0.761099332436744,1.19105398443651
1.89299107286607,-0.0349845911835695,1.15900094994498,1.07492446925003,1.14276436041844,1.10584142067176
1.8931723862364,0.0231827427814284,1.10416600738971,1.09433067161147,1.12485976192228,1.11688026145387
1.89308295427317,-0.0295981724313873,1.15394794935255,1.0767923916734,1.19492690294915,1.08835497148515
1.88994394693391,-0.112920330405027,1.23154446539206,1.04627655848813,1.26339307292595,1.06049803254175
1.83235069171502,-0.476581646879523,1.55570132435186,0.871665943301127,1.56793764342717,0.868244995475142
1.86526371778537,-0.324700456858927,1.42324867012126,0.952952212464179,1.4574813625853,0.912292800510524
1.81063180036964,0.553400042519963,0.576483212933249,1.19176886582645,0.613880888375093,1.22155613384237
1.81228214965008,0.54797128905681,0.582152296823378,1.19153115853204,0.599697492868162,1.24473346608033
1.89325100159586,-0.0154844608287576,1.14068383128807,1.08161818353343,1.20378958618502,1.11562030837508
1.88672202619672,0.157857909003792,0.974934485926639,1.13277831655891,0.966938194360489,1.10516123548771
1.86570978049128,0.32212751908221,0.812958069908742,1.16726976359869,0.823963444500074,1.20049312426972
1.81814753718593,-0.528184301731545,1.59970409132622,0.841197597678919,1.5853121406992,0.884580809739603
1.88928775762839,0.123413501880451,1.00828953651002,1.12380943923573,0.988186702884287,1.13278457013268
1.83925205314311,-0.449211541013536,1.53215321180962,0.887229936374057,1.50116742649661,0.89238461388374
1.78305813890457,-0.636665372748555,1.69047857754955,0.772209183494825,1.66639808509942,0.769439993108499
1.78333996058486,-0.635875544860843,1.68982637887929,0.77273633475035,1.64923706434847,0.72840258963337
1.78145045259828,0.641150067073457,0.484020067150902,1.19324688440706,0.474493696203458,1.19401695947723
1.89307642252873,0.0300130311150199,1.09768825017563,1.09649878351556,1.0753236180499,1.13253085729404
1.82227710394959,-0.513756051051454,1.58745314656154,0.849866051503903,1.63669063706676,0.872141902385866
1.88077959613458,0.217502262826732,0.916680586421499,1.14689371986326,0.93337530322286,1.18478629957907
1.88921682335393,0.124494650195888,1.0072457555439,1.12410001563883,0.946079015172234,1.09098361928524
1.87278576843742,-0.27805141450666,1.38171148689056,0.975477238716221,1.41866874988174,1.01864773742927
1.87603624720561,0.255200162111231,0.879534975397346,1.1548833726197,0.862642662492038,1.12051718553942
1.88712937238369,-0.152911266614504,1.26835481433834,1.0303959092803,1.21845638924565,0.955653708797872
1.84755997203842,-0.413716416512913,1.50140231378433,0.90680818068564,1.51819943550251,0.81332848722863
1.85422368962387,-0.382744865946669,1.47437678472068,0.923338844778959,1.51311832953784,0.973331607354379
1.88578032303011,-0.168735582623729,1.28284275982707,1.02388988539211,1.29206667388228,1.04301004629776
1.76765066143854,-0.678270051444694,1.72464759206873,0.743910453875575,1.73742083920849,0.780755143306608
1.87961171643992,-0.227373962873223,1.33614233749595,0.998677460560925,1.31089747427477,1.00994835218097
1.89173300073615,0.0773652214931291,1.05255579478187,1.11088962038658,1.0478284481981,1.0341646802853
1.89132035876067,0.0868701566035204,1.04344914275006,1.11364333671622,1.04034027913126,1.11641354976073
1.78479013106395,-0.631793725536765,1.68645374870541,0.775454718300014,1.67914761587869,0.852742139783893
1.88939499244585,0.121760774026078,1.00988474460504,1.12336410812266,1.03307027296283,1.17388971727892
1.89297397977896,-0.0358975688689596,1.15985691202044,1.07460642938927,1.13541308076181,1.05607464800815
1.87802214671549,0.240149828267779,0.894395301130889,1.15178062146054,0.884203113864623,1.12709835603705
1.84571806690886,0.421857726084441,0.712227612361893,1.18138208881717,0.698075819657904,1.15902515422434
1.83748377479021,-0.456390732764824,1.53834376582177,0.883187085454513,1.55146741541953,0.900547451492503
1.77029541174155,0.671336933840003,0.451842672702502,1.19270177138356,0.491658503978016,1.2203638465489
1.89259652460851,0.0521298245794788,1.07665702926514,1.10335958537669,1.1328319885788,1.09402472384325
1.79386108042243,0.60555887221357,0.521712952122686,1.19318981385412,0.587855393203341,1.20725108386744
1.88093767833397,0.216130918182777,0.918027056120963,1.14658942483751,0.886259873858007,1.11886642142822
1.8236238863212,-0.508954855374875,1.58336742246053,0.852724750727615,1.56024718922183,0.887034589913612
1.77741151331765,-0.652263317914431,1.70333174176446,0.761722218081467,1.76474636250954,0.835007025551235
1.75763662475345,-0.703812914698356,1.74544194443087,0.726013143916685,1.75731186952882,0.744604886428897
1.83973171291292,-0.447243052571398,1.53045408497455,0.888333561419063,1.51297339492963,0.826844829843739
1.89286588690869,0.0412050694485561,1.08705624321943,1.10000113635186,1.13136530235353,1.13220190619036
1.82128755667878,-0.517253090331929,1.59042621718987,0.847775755216459,1.5412932536948,0.855982831803359
1.78790365775939,-0.62292827367321,1.67911665583986,0.781324756929396,1.66444441375799,0.765914026899973
1.89155848157054,0.0815207603586324,1.04857633126735,1.11209909561926,1.01892292365671,1.04259624066192
1.75965607692464,0.698748606090269,0.422454879683217,1.19172563493916,0.45783878130533,1.17739025346479
1.82732841420814,-0.495489646913498,1.57188478599965,0.860673613896699,1.63376444853861,0.924350005364439
1.824869044008,-0.504472096148275,1.57954861410397,0.85538224027314,1.60300906691352,0.864240105739146
1.82764306541047,-0.494327774890219,1.57089233025442,0.861354777292195,1.61823473637734,0.901057074719713
1.79050819529195,-0.615401922456598,1.67287501191425,0.786271620531742,1.72231723423529,0.824020736141523
1.86552899255249,0.323172866306847,0.811911748895725,1.16744482769149,0.833940317940309,1.20991992950564
1.89162847676618,-0.0798800942548875,1.20092008803112,1.05879224292278,1.18483976006059,1.09079428346318
1.89325452712767,0.0150472283660076,1.11187098901964,1.09171789530803,1.14058142990226,1.12454254870757
1.88686236715508,0.156171479421921,0.976572447443258,1.13235308439963,0.987009860432157,1.16071153870983
1.80826838384448,0.561074483076321,0.56845898102637,1.19207623828632,0.533042242627318,1.18972845010443
1.81045210953853,-0.553987619571392,1.621510975583,0.825402325689116,1.60384914569093,0.768685301302531
1.86768292347032,-0.310482883502843,1.41063095871498,0.95993686042594,1.45793384422571,1.02238774038509
1.78255972324726,-0.638059524360802,1.69162947684892,0.771277782567139,1.65518344358759,0.796884658431169
1.81959653248553,-0.523170701145941,1.59545171232091,0.844222998644977,1.60569112585604,0.863109765385205
1.78536034251372,-0.630180585983258,1.6851199233207,0.776526291983733,1.6610438959785,0.754461996238396
1.83569878402227,-0.463518174303953,1.54447995448284,0.879145575383862,1.562188631698,0.864245605701497
1.8513169152393,0.396566265483776,0.737947659223449,1.17830243439149,0.706823196770913,1.09728787386447
1.80171331443667,0.581780247303501,0.546750435656599,1.19273704468867,0.507012152124052,1.17411109583985
1.89311937196575,0.0271692300022836,1.1003862647478,1.09559891308529,1.10739809745764,1.12450490001782
1.82438081021887,0.506234908788438,0.625541482438808,1.189147548435,0.597520362644372,1.21530880791142
1.85051392350699,-0.400296568156233,1.48971428083471,0.914033694159679,1.53111590768326,0.929482934874676
1.89031922545285,-0.106453508416776,1.22556555922019,1.0487692079987,1.24204544982507,1.03682206203864
1.88319351535625,-0.195502704050528,1.30724857124505,1.0125971119308,1.29645818102318,1.07917183114671
1.87091482175447,0.290373644310774,0.844646735983057,1.16168143111197,0.833687521563682,1.22780415340467
1.77916592382759,0.64746253873225,0.477307268218248,1.19317832321606,0.414117453168748,1.26164597027047
1.84702897848679,-0.416080612623255,1.50345791085227,0.905525255085976,1.50312548404176,0.866151387231354
1.85605824917791,0.373747105981452,0.761050926565312,1.17523106237879,0.830109434452062,1.15605337357721
1.89308450585367,0.0294987672229928,1.0981762551536,1.09633635250788,1.10790818161918,1.10800421204181
1.8539540985069,0.384048596144262,0.750633175569881,1.17665184167833,0.718240091612224,1.17672960444347
1.80923600111641,0.557946427388138,0.571731032482182,1.19195501599534,0.582315951615124,1.2259027961441
1.85321248931042,-0.387611394356203,1.47863513809821,0.920775243533289,1.50168038080567,0.911723580823935
1.78153730500785,0.640908694305406,0.484276581363908,1.19324903213426,0.442444586812857,1.16401657401916
1.76424638012933,-0.687076293996135,1.73183265836377,0.737785597841116,1.74849107114394,0.733217483621033
1.89110509998932,0.0914364498725713,1.03906856145379,1.11495019480509,1.0842309636536,1.05507859214451
1.80498552636043,0.571547349919726,0.557489713661988,1.19244129536268,0.564704474168294,1.16165666275566
1.82892603031049,-0.489559699345849,1.56681675947377,0.864142297003949,1.55731323620052,0.862206872496426
1.89005179564308,-0.11110055516188,1.22986273280783,1.04698011288886,1.19778750336294,1.01355551957334
1.87584334988039,-0.256614205141541,1.36249141024764,0.985451776474168,1.36470904051813,1.0217755827255
1.89064717058246,0.100460937380776,1.03040035164824,1.11750229450813,0.998432534084641,1.12634656398902
1.83122089870876,0.480904505804605,0.651708740853914,1.18722642560966,0.641208092113404,1.1944845373083
1.88646708048473,-0.160875970294853,1.27565242179469,1.02713706582162,1.26248151408561,1.04650171687748
1.88472163640529,0.180176238268701,0.953210262911205,1.13827081279197,0.951714337984937,1.22347919837414
1.76836713095509,0.676399891875024,0.446426897072207,1.19255622009323,0.461147647479897,1.18938288006384
1.83065934494522,0.483037769057056,0.649509795129306,1.18740190333996,0.636187339972205,1.29216654794191
1.83624760385075,0.461339203757158,0.671835577475014,1.18550037334516,0.674037486883934,1.264319696557
1.77365483032599,0.662410496921785,0.461377828321105,1.19292034999513,0.407183141302358,1.21872967703367
1.8349805521312,-0.46635340340902,1.54691816772939,0.877530181533471,1.57861482039832,0.811015920627033
1.87637845457442,0.252671760946495,0.882034294330662,1.15437022234671,0.850683957469743,1.1150629392876
1.86099437485462,0.348337566636659,0.786663256461924,1.17148692246714,0.777786236048367,1.11194540519907
1.83399816055548,0.47020194666763,0.6627275851546,1.18630826128728,0.668099287429201,1.19744903455091
1.87421207761217,0.268268916767415,0.866598228992615,1.15748347558474,0.894897382367783,1.1273569599377
1.87647498186267,-0.251953896604893,1.35830215731289,0.987588969602178,1.33297160995623,0.956518423200484
1.76828432385883,-0.676616341486096,1.72329646103881,0.745055324885802,1.72414465788155,0.80730386157252
1.80969920994483,-0.556442174080961,1.623578466487,0.823880098044994,1.60499183278496,0.763205038950337
1.86606305203786,-0.320074693454601,1.41914747554192,0.955236249535338,1.38477220906838,0.860796278509345
1.82690079160947,0.497064001098028,0.635029765513852,1.18849307279539,0.63388075624617,1.15664404199783
1.80002634502552,0.586978944072917,0.541286355966403,1.19286411566755,0.535892854202991,1.17944523418006
1.8918515630731,-0.0744095885538649,1.19583111868207,1.06081179512308,1.194543546231,1.0887786766096
1.75564678628026,0.708761938449508,0.411679073013188,1.19125316587365,0.379092516222934,1.17990507992101
1.76780378917877,-0.677870847976274,1.72432148448401,0.744186977576577,1.70805244155029,0.721312771338643
1.81836561904376,0.527433028023929,0.603546811303765,1.19048067470676,0.614081803855425,1.20556247974358
1.89283813863472,0.0424606229435324,1.08586214990869,1.10039014240671,1.10782478352329,1.06375639600074
1.76283390224654,0.690692230057023,0.431108872892453,1.19206055298892,0.422557096419301,1.20037773180885
1.81082715999879,0.552760454610856,0.577151420873485,1.19174173232714,0.640084281891373,1.26657634249348
1.82673323161684,-0.49767943907459,1.57375456452337,0.859387783309885,1.54161344985737,0.842469958295038
1.88077405125031,-0.217550205043312,1.32725562124543,1.00302297714644,1.28486073936315,1.03142405418684
1.78037687563649,-0.644125224059533,1.69663209070268,0.767211901216534,1.74832800080629,0.779145286530773
1.89149094244383,-0.0830730896491488,1.20388796822918,1.05760656910274,1.17456027421949,1.08560791055506
1.89128841244513,-0.0875629175032276,1.20805822931865,1.05593071260373,1.20207863530497,0.996634227505009
1.87580391018394,-0.256902343526782,1.36275029613422,0.985319272449944,1.33139718437115,0.971535656993852
1.79391776293604,0.605390934350226,0.521890186057521,1.19318777286493,0.48478241578381,1.19846973515545
1.89329701800779,-0.00809476211562291,1.13372508629671,1.08410527676175,1.10926577419095,1.02803290323461
1.86756264707838,0.311205531455506,0.823878313842173,1.16540664772956,0.81872751320673,1.10106268818131
1.87750747982446,0.244140915813215,0.890458555181391,1.15261470367061,0.876299767983735,1.12080463169879
1.82939712145161,0.487796366935482,0.644601512107964,1.18778429018439,0.672025037574691,1.19066094286093
1.85922888085417,-0.357641010188515,1.45234038956611,0.936363928339896,1.43910612124,0.986507349811039
1.85114104414984,0.397386409222473,0.737115497912849,1.17840766720657,0.777248702047229,1.15640490485044
1.88864572435914,-0.132877580617845,1.2499496381788,1.03845180081772,1.22394357003951,1.06913172615997
1.77918495435944,-0.647410242235873,1.69933814617966,0.765000728562697,1.6500214245324,0.729494167597334
1.81365635754531,0.543405686670989,0.58691547368716,1.19131827675953,0.596240781961745,1.17007784585627
1.76454175752487,0.686317353359172,0.435802386423469,1.19222561814969,0.477553743288215,1.19841732325231
1.80828937524521,-0.561006826113713,1.62742010415779,0.821040115286819,1.62005942830916,0.906723372801897
1.89327396836387,0.0123614031013602,1.11441214148131,1.09084807953418,1.15347795623465,1.08461200221707
1.85530234418157,0.377481569411346,0.757276593400349,1.17575261643406,0.749577998563393,1.23523582533967
1.8051824563771,-0.57092505879427,1.63575293459855,0.814828173464466,1.61574538864087,0.80840338938018
1.76784358141025,-0.677767065618774,1.72423669952496,0.74425885045138,1.68507469781968,0.703652599094345
1.89128869344592,-0.087556847901979,1.20805259410972,1.05593298492436,1.24191182009198,1.10238938576403
1.81384090049663,-0.542789380198688,1.6120633612871,0.832303561326451,1.57108636079798,0.816822206264721
1.76491766184046,0.685350107970001,0.436839521670847,1.1922605205278,0.426523131568963,1.18351745690161
1.78130582567224,0.641551774213914,0.483593133620084,1.19324323273754,0.458949544754047,1.20108710433104
1.78482267883756,0.631701771944643,0.494051957084623,1.19330497922452,0.46960077790196,1.16116809867903
1.75829418197236,0.70216856467166,0.418776965605536,1.19157128923407,0.409806035802902,1.27564798914729
1.87159650462198,0.285946931191245,0.849049829413842,1.16086091370555,0.853582251853211,1.16726971375669
1.86942510277141,0.299814790660832,0.835244110355364,1.16339757165317,0.84270819950342,1.20087508817048
1.88365208726175,-0.191033865388686,1.30318278784419,1.01450766486526,1.27647891234135,1.04369650504912
1.7834419531694,-0.635589429778538,1.68959008779504,0.772927203425436,1.70036686914636,0.739268745613398
1.89144734380655,-0.0840599142163511,1.20480485763857,1.05723909477907,1.22109035538258,1.12698115654648
1.89223534434887,0.0639102899995285,1.0654198835319,1.10691435294473,1.06098513428391,1.14590080586833
1.89237250064107,0.0597113254614529,1.06942797427818,1.1056552565981,1.06224182537856,1.07082609218725
1.84565626987681,0.42212801024729,0.711952098727236,1.18141314745486,0.673713332859413,1.17548827717258
1.88731227665247,0.150636960828867,0.98194437828847,1.13094749782921,0.991758158186149,1.09760518728014
1.77782326378111,0.65114020481736,0.473392505695997,1.1931273503961,0.525448525483116,1.27062536166134
1.88326867561892,0.194777357522493,0.938950114489373,1.14172797137923,0.962640098833295,1.15246073826115
1.81012414838192,0.555058277134497,0.574750395760958,1.19183812782819,0.571113843208682,1.22807604317574
1.8107871332567,-0.552891564054737,1.62058737047021,0.826080950904493,1.63881744442474,0.83767487163793
1.83619470543462,0.4615497018792,0.671619429023258,1.18552005959964,0.677472663962854,1.19965912152269
1.76166740589697,0.693662075200278,0.427920364808727,1.19194176701123,0.446036405705903,1.1803252849937
1.85129216313009,-0.396681799814439,1.48656022810055,0.915963502032486,1.49045826311577,0.898705435346479
1.79470647872982,0.603048736650779,0.524361430966684,1.19315758568909,0.52466376885744,1.1854436856704
1.87517937223609,0.26142196830251,0.873379845489792,1.15613216516306,0.923654700560137,1.28274177782522
1.86381166879836,0.332934207947992,0.802131676250837,1.16905205218495,0.806026693191374,1.20741707150239
1.87319355962323,0.275290776737858,0.859634602509134,1.15884428510002,0.879823110600614,1.19243879207457
1.84213476327034,0.43723979407393,0.69652597723889,1.18308700378957,0.72112928954926,1.21838468464783
1.8928017824503,0.0440515144334032,1.08434873785942,1.10088191621022,1.12631082057372,1.22219278793383
1.85557668719443,0.37613067079333,0.758642213102424,1.17556480271207,0.753720330359708,1.19223496201662
1.89330694588502,0.00528509549999269,1.1211012485612,1.08853916999506,1.1409753781535,1.12587994237521
1.79738630738238,0.595013937320142,0.532830381116433,1.19302965894532,0.534904654010854,1.16840312796366
1.81118786594665,-0.551577408727473,1.61947966461455,0.826893710801575,1.60420725744525,0.818475626968329
1.82132932908189,0.517105983911448,0.614272922363962,1.1898626465395,0.611039579346599,1.14482140982604
1.83198638979248,-0.4779801158898,1.55690064761418,0.870859683308357,1.57601128237134,0.903250055265357
1.85271041664804,0.390004148201989,0.744601409215008,1.17744754232467,0.720974664046278,1.13763121553245
1.89234864214068,-0.0604627171007519,1.18283326051584,1.0658929361386,1.23290077234926,1.14802020021966
1.8867490200587,0.157534944943808,0.97524820684115,1.13269699226718,1.03481944871045,1.20343087990808
1.88253019278375,-0.201789981982425,1.3129627823525,1.00989199602799,1.28990861558329,0.995592701091866
1.88770259331532,-0.145664143705682,1.26170496283492,1.03333339931,1.25073498579041,1.01287728391629
1.86248755558816,0.340263469755625,0.794776886152557,1.17022611225517,0.809374594526775,1.1200282760058
1.77363726612722,0.662457524506791,0.461327638234609,1.1929193252768,0.474067781556312,1.23487526600556
1.81014100784663,0.555003293037861,0.574807861688731,1.19183585635764,0.618604975265412,1.24963360232125
1.88628734361327,0.16296987726354,0.969966368490882,1.13405854215682,0.967708515167658,1.12876502374286
1.76697483328769,0.680028721524931,0.442541809060382,1.19244225271601,0.492955810409511,1.3056672715418
1.88281707648823,0.199095404405062,0.93472565918411,1.14272969391005,0.908320554900824,1.15438370434581
1.84860025374867,0.409043060583196,0.725274435284989,1.17986450372837,0.727815244525587,1.2063177842402
1.80133518136007,0.58294998753355,0.545521460698739,1.19276700102964,0.555751096626909,1.19884903706582
1.84982235528396,-0.403480330948852,1.49249023691236,0.912328208896857,1.46191433133338,0.929194849137783
1.80123006326903,-0.583274706074888,1.64610080477489,0.807014289535851,1.64797251071442,0.776875860360557
1.83073955826021,0.482733667141735,0.649823313961178,1.18737704186646,0.641437764045792,1.17915552501327
1.88998401559466,-0.112247692036762,1.23092291908098,1.04653680463168,1.25804554081583,1.01846462725707
1.86327843868588,0.335905616950964,0.799151104202607,1.16953142268999,0.816407216104663,1.12665207779759
1.78301523397556,0.636785520392847,0.488656519367079,1.1932803408418,0.547277297226972,1.14571613146508
1.86919092410851,-0.301271327545883,1.40243630914749,0.964406149803335,1.43393565069228,1.04665993373657
1.87275657961862,-0.2782479417104,1.38188730536127,0.975384703348322,1.38514101659982,0.892013237929753
1.89187231931511,0.0738799768553572,1.05589103380396,1.10986858144653,0.995226472298867,1.17806258030025
1.89170004262061,0.0781669515849202,1.05178827042292,1.11112363691565,1.04764354189601,1.14101354212215
1.88181507465221,0.208353421816377,0.925657140803044,1.14484555506803,0.901350873314308,1.0442301554852
1.88786227292095,0.143579810741753,0.988786376199592,1.12913285521106,1.06436328920791,1.16314155512478
1.82667050341152,-0.497909625873219,1.57395105794891,0.85925246470907,1.57639378081807,0.897488459333031
1.88938046176214,-0.12198604134233,1.23991381252649,1.04274687594137,1.25179156301515,1.01988894989251
1.88331052684245,-0.194372279544437,1.30622043723907,1.01308135537952,1.31872927459863,1.05262311184647
1.79136438379708,-0.612905186822738,1.67080186908962,0.787905274843516,1.66724433553153,0.742714428647152
1.8528554335622,-0.389314610424456,1.48012445987015,0.919875046642532,1.42228524083969,0.89506340700899
1.752398013915,0.716756809802095,0.403059663142122,1.190830953486,0.469197188629752,1.28764177461118
1.79632567137453,0.598208329874912,0.529464964897041,1.19308503227259,0.540820486479612,1.21441807169847
1.84415186744043,0.428652555558553,0.705297133592868,1.18215095316753,0.680177747112919,1.22142264896483
1.81611095235906,-0.535144963811084,1.60559968487862,0.836973799505768,1.59841145964702,0.836121011591114
1.89183477674758,0.0748351592456547,1.05497717420179,1.1101490158785,1.10537823085041,1.10689023157497
1.77825853222569,-0.649950548993856,1.70142918362503,0.76328638355757,1.70633721671086,0.787224013314051
1.87514121735433,0.261695507316867,0.873109078232678,1.1561866122002,0.878756767910677,1.16125648467863
1.83298606101946,0.474132074088274,0.658683876051569,1.186652737271,0.648003888957263,1.27042193399314
1.7953374125339,0.601167779182288,0.526345208336488,1.19313101859555,0.478120730487249,1.13473241466488
1.82109775814076,-0.517920919509515,1.59099371138239,0.847375793172097,1.56856030347491,0.840300068137822
1.87112185124023,-0.289036574471545,1.39152840001544,0.970274299489998,1.36412357581015,0.895423268077436
1.84775876319794,0.41282765967908,0.721424485139133,1.18032186631751,0.723684916261292,1.24951429436214
1.89321907396095,-0.018991091630625,1.14398262468406,1.08042846042067,1.14890378128506,1.11051712970438
1.89190245950657,0.0731040852749358,1.0566332414529,1.10964044994594,1.05087184374329,1.16604148764583
1.81039460256161,0.554175519656611,0.575672925476185,1.19180145150615,0.598789676112201,1.19276642559748
1.75578336834011,0.708423522358746,0.412043615862967,1.19127015470039,0.401052548564075,1.2046171797243
1.75989470930365,-0.698147359613941,1.74084184323074,0.730017707463312,1.74825498126521,0.788164305097678
1.88042108383596,-0.220580305186301,1.3299985299263,1.00168785736135,1.30255851809484,0.975697507693826
1.89261339603845,0.0515136555361173,1.07724411241484,1.1031717495162,1.04617351423788,1.11144847089803
1.85756515812988,0.366184116084795,0.768686743340745,1.17415222367977,0.75940316816798,1.11070635010269
1.76577175151396,0.683146576604324,0.439201519659113,1.19233788430056,0.465273538783092,1.19311114784908
1.87112068190721,0.289044144223662,0.845969514729692,1.16143606348663,0.852108544572349,1.15950461121459
1.86337455998786,-0.335371991616667,1.4326951184836,0.947640415724181,1.44210895405722,0.923063178397678
1.77570470404312,0.656895674829747,0.467260255616288,1.19303122866703,0.444804128784858,1.11583184825015
1.79709149750929,0.595903744870528,0.531893143885654,1.19304568115616,0.510146979403663,1.19420309122613
1.89225591887652,-0.063298191503957,1.1854785518458,1.06486777933371,1.20359328389652,1.08397352209088
1.86165456485305,0.344791828111825,0.790227830634069,1.17093744681546,0.804306847454312,1.20401569664083
1.89133397902159,0.086573109966409,1.04373398187402,1.11355796172229,1.00180346843911,1.13310876538324
1.7526486434829,0.716143739809574,0.403721121999312,1.19086474958465,0.356290896995656,1.13056542440798
1.88616291502158,-0.164403715189707,1.27888111634511,1.02568343857496,1.31100885262786,1.05271948985177
1.80887907241041,0.559102517403161,0.570521951768725,1.19200046984392,0.569651826140833,1.19763187766458
1.80371645430915,0.575539812719609,0.553302199038175,1.19256386923892,0.548228464311159,1.24012411698712
1.88573041023061,-0.16929247916667,1.28335182051436,1.02365862306541,1.2953316406572,1.06833315379129
1.86315838382183,0.336570884607262,0.798483563419228,1.16963811630472,0.795094843831164,1.13515310018968
1.79474750014982,0.602926640875049,0.524490222946702,1.1931559239933,0.531220659550685,1.12059138464463
1.79874303573744,0.590899834961025,0.537161678646346,1.19294958549114,0.551963159319732,1.16638827852139
1.79193534068431,-0.61123388189589,1.66941339716029,0.788996786468303,1.61830863930165,0.80481432244887
1.76756557539813,-0.678491753994379,1.72482868515017,0.743756840885683,1.7252947418277,0.743681032345778
1.89025344545359,0.107615219749443,1.02351836260477,1.11949653684378,1.02232414907483,1.1103772592032
1.75443436212074,-0.711757818770471,1.75188093488542,0.720363773278273,1.76465049668512,0.697601700480305
1.8404200369386,-0.444402082809955,1.52800056393983,0.889922628340855,1.53765355541164,0.868602485831092
1.76073119822951,-0.696035035865427,1.73912497131481,0.731505651066375,1.69981437795152,0.731227564797452
1.843650876526,0.430802238916876,0.703102718791905,1.1823890164337,0.707272472459017,1.21618874019675
1.83777074419869,-0.455233802938994,1.53734682026536,0.883840490092432,1.50574064298057,0.889221627118465
1.77521683189877,0.658212977169403,0.465855731129511,1.19300641638485,0.454654518072014,1.19493648564448
1.85083311479177,0.398818134945096,0.735662491840215,1.17859051246155,0.739001500198326,1.22916363944935
1.83509284800535,0.465911325007795,0.66713881808511,1.18592251671695,0.697352049467836,1.19348255880092
1.89012186209466,-0.109902092803998,1.22875486465018,1.04744255150766,1.24345309889589,1.05411040191601
1.87005520165244,-0.295859200200985,1.397614466445,0.96701151561696,1.40604846297815,0.930252214532558
1.87436506150354,0.267197941207853,0.867659542123875,1.15727369675451,0.822653268315318,1.14316262574071
1.81875234471239,0.526097930212686,0.604934682442195,1.19040414620569,0.608446622915515,1.18599075078864
1.81316743769971,0.545034830480008,0.585216305148273,1.19139559714719,0.622305249118596,1.16727557155221
1.80199394784509,0.580910436728911,0.547664112970413,1.19271425627474,0.480763494315932,1.18249164852247
1.82479575484793,0.504737136200491,0.627092208039063,1.18904385714749,0.641707026510449,1.20764600349237
1.89318557197143,-0.0220797112781406,1.14688640318244,1.07937548172065,1.06909743503961,1.12671891270545
1.89323763925833,-0.0170400958457828,1.14214752916648,1.08109114712198,1.13250709851766,1.09788719483559
1.78405413757844,-0.633869038335316,1.68816892424624,0.774073855350009,1.70076216547011,0.802032459033661
1.89223375706455,-0.0639572685179818,1.18609322128419,1.06462891716043,1.13215151426639,1.03027850838994
1.88798492351195,0.141957923915773,0.990357576122017,1.12871227127469,1.01437222294996,1.09502041781002
1.80522586136355,-0.570787800355912,1.63563775157354,0.814914525896393,1.64206468938622,0.768500787389872
1.87908195318597,-0.231711322083494,1.34006049640122,0.996743199767437,1.37037670809881,1.02605623268258
1.86090174036856,-0.348832103259084,1.44458025283793,0.940855651640182,1.45997516119818,1.01271481214564
1.88956144185338,0.119149825983393,1.01240384581885,1.12265779079918,0.998303109283718,1.13141183706197
1.89087727365932,-0.096032596182728,1.21591545507953,1.05274190477354,1.2262141419521,1.09776771857902
1.88910681341467,-0.126152966993162,1.24375581975357,1.04111068118991,1.24312027130902,1.02028873427658
1.77844970684308,-0.649427258282766,1.70099855136458,0.76363984750043,1.64127971012727,0.746897670304035
1.8596936554307,-0.355216316519533,1.4502058008194,0.937604366035967,1.4609057299427,0.931918578968933
1.85522645929868,-0.3778543479821,1.47009300352622,0.92590242268113,1.48077534831632,0.898104230487199
1.86784110132819,0.309529875391705,0.825551779999982,1.16511532139698,0.838970311330331,1.20295232872428
1.87859839867138,0.235599618166552,0.898880079265901,1.1508197659242,0.902449366959082,1.14086790887123
1.80925828029345,-0.557874178252132,1.62478409858393,0.822990431730822,1.62104406122896,0.686546249490408
1.81360010250414,-0.543593406663365,1.61274252567275,0.831810430546266,1.52779469663866,0.870273718860606
1.79025623202916,-0.616134520418762,1.67348307409851,0.785791572992394,1.7224463960265,0.797775295870226
1.86109180913761,0.347816620551416,0.787187114759317,1.17140660592163,0.757955694137929,1.17281215058055
1.89147354393518,0.0834682943649897,1.046710275861,1.11266295759551,1.02392907236013,1.08226396343324
1.82840115894706,0.491516353270117,0.640761458053057,1.18807450475284,0.667119210278846,1.20779853868483
1.80344233468369,-0.576398186188642,1.64034271665726,0.811376065755192,1.62242867123917,0.791489584605804
1.85881364373066,-0.359792942470593,1.45423394351155,0.935260439386125,1.42263801476607,0.916891922650506
1.77840431639002,-0.649551546081008,1.70110083689933,0.763555910503811,1.72137948163079,0.755502259926597
1.87902034623612,0.232210383061552,0.902218171437675,1.15009720451014,0.894187564446492,1.09991225410269
1.86446245446018,-0.329270222582022,1.42729637947445,0.950684872464902,1.39182511126308,0.913757002886705
1.86783253954093,0.309581536598998,0.825500193940239,1.1651243248952,0.877612216719196,1.20348646914665
1.81405900452299,-0.54206000745302,1.61144714611606,0.832750587982716,1.60174914982972,0.819753501775479
1.89297805606442,0.0356819678474411,1.09230571357272,1.098280585793,1.06782837501888,1.15287735140159
1.77416657551945,-0.661038641745299,1.7105403213705,0.755757965428013,1.66771550553107,0.86383719143874
1.80124795353,-0.583219455672464,1.64605457875119,0.807049443812093,1.63574786870819,0.770278884179912
1.89275082604257,-0.0461891122027763,1.16949567014049,1.0709925666795,1.21861268269497,1.05905777158889
1.86746259275449,0.311805369154491,0.823279135881853,1.16551057994169,0.843142388804934,1.13139244653802
1.88731972678698,0.150543589872226,0.982034959943075,1.13092365241251,0.949541096600356,1.07386446092477
1.84269501736172,-0.434872621075637,1.51975952267877,0.895220874824824,1.51337354662838,0.887338066592596
1.8850806833347,0.176380103439367,0.956911562728693,1.13735433365906,0.984140861294149,1.16541904669624
1.87020176447528,0.294931320351795,0.840109672407924,1.16251564672769,0.889382934619861,1.19363131569533
1.87332701143356,-0.274381179756018,1.37842671689998,0.977201725078777,1.37432583989298,0.92048214974845
1.83932657588964,0.448906305142827,0.684587185316246,1.18429474726963,0.658726954080565,1.23518973081678
1.83309884813309,-0.473695827028303,1.55322526214682,0.873326307778096,1.56234863699292,0.917990487157171
1.85436933183687,-0.382038616783429,1.47375843015789,0.923709839616469,1.43798108344917,0.864566625506528
1.88807654631739,0.140734071273032,0.991542874414017,1.12839402924635,1.0194125670859,1.13240653790039
1.81468428613824,0.53996302208008,0.590504378550743,1.19114993615896,0.560645719722336,1.15589859342996
1.83432380819069,0.468929941756443,0.664035715318547,1.18619495484185,0.644379252773742,1.17380805394597
1.8885774912075,0.133843876495286,0.998211089172008,1.12658830451663,0.935248485751512,1.06833733758352
1.75049342811964,-0.7213957871244,1.75967347173129,0.713457416474705,1.7295700660225,0.668481586729391
1.77908894180281,0.647674038946952,0.477082209952185,1.19317561215811,0.485239273398991,1.2048432342896
1.84358127299844,0.431100003967012,0.702798688821823,1.18242179529006,0.740689011989916,1.18870852553383
1.8873992521386,-0.149543259953617,1.26526553353099,1.0317643565914,1.30033414235017,1.04920771155092
1.81245678159462,0.547393403707564,0.582755419182434,1.19150486760326,0.531758419934556,1.15130121352616
1.87558190026077,0.258518198556904,0.87625336231962,1.15555181305025,0.864975742802202,1.14385266710198
1.85468671051723,-0.380494848061915,1.47240646476277,0.924519864716489,1.47213398840943,0.933338875125729
1.82948373054826,-0.487471438373704,1.56503040523191,0.865359179071196,1.5645682713133,0.837763382014521
1.81767044284672,0.529823824277747,0.601060634125566,1.19061520987245,0.607925548582845,1.2520106973142
1.87579189662163,-0.256990046771285,1.36282909257545,0.985278932573574,1.36852722383438,1.01344231268335
1.87549001217609,-0.2591839844563,1.36479977282191,0.984268528619494,1.34833959881407,0.860772022621766
1.88749808159816,-0.148290645470832,1.26411607129816,1.03227184735964,1.256539826202,1.00076085473384
1.85291228868864,0.389043922966977,0.745574369318163,1.17732052476525,0.723659303513845,1.19330032013298
1.82779717376945,-0.493757648175006,1.57040523966336,0.861688748269684,1.54874645888192,0.890003875904322
1.87264924757835,0.278969387415809,0.855982950583227,1.15954705841637,0.885474439344183,1.11461917007972
1.88133293790959,0.212662879476826,0.921430693156051,1.14581561767066,0.883212955010521,1.20059898736223
1.83333079710921,0.472797326496029,0.660057531332264,1.18653669729341,0.64864849194261,1.1791692552509
1.88470715705866,-0.1803276343292,1.29342777441386,1.01904377208946,1.25603796854627,0.937489540806547
1.80603866329097,-0.568210762190452,1.63347447664539,0.816533789390914,1.65386033997915,0.808949250053349
1.81835200859598,0.52747994881877,0.603498029447354,1.19048334599155,0.569066110834948,1.14610569189707
1.86683766006498,0.315525394436037,0.819561739222835,1.16615096345279,0.765851257971002,1.20499251019843
1.89002967427468,0.111476248286499,1.01980055365098,1.12056214065739,0.978995799708217,1.00850164054683
1.85946071898819,0.35643366579324,0.778515477784407,1.17271681046693,0.795769710409542,1.14758080240249
1.85586222265321,0.374719273723112,0.760068628855419,1.17536754580433,0.827594310191181,1.22531341580187
1.89154249882948,0.0818907729407568,1.04822184994882,1.11220636981818,1.02997997471436,1.13416421359943
1.84068474785028,0.443304390461274,0.690323069773828,1.18372403835667,0.716417838872596,1.12880050350615
1.87639478943953,0.252550426123343,0.882154204684633,1.15434551457185,0.933165037032481,1.23707951044851
1.89259463436413,0.0521984055983882,1.07659168146677,1.10338048021881,1.11504251700387,1.063669914453
1.8731640269499,0.275491654522874,0.859435259874808,1.15888284125967,0.91047161645847,1.14749735660354
1.77360837068611,0.662534882857546,0.461245076683029,1.19291763674218,0.442273345935723,1.1689341553258
1.8837919426913,0.18964978307987,0.943962253719662,1.14052618586182,0.97685247149414,1.19222979767822
1.83415293578805,0.469597840402815,0.663348886942565,1.18625455988992,0.6556200639978,1.20542884873444
1.83710229207326,-0.457923893272754,1.53966452153986,0.882320070725953,1.49270258747707,0.859051973600687
1.85650554917492,0.371518868233652,0.763301721563702,1.1749163519988,0.75203836441129,1.20598562911012
1.84822844197777,-0.410719794793613,1.49879533215208,0.908429982325034,1.51000635146187,0.891297541460224
1.88923947369182,-0.12415045153175,1.2419098325496,1.04189808081217,1.29993487245744,1.13668111565591
1.84412266636215,0.428778165232625,0.705168934217488,1.18216493219987,0.733556462588625,1.20020507230016
1.88747341617787,-0.148604262364002,1.26440388793608,1.03214486105496,1.27238238721489,0.959096210223338
1.77376083327532,-0.662126596588091,1.71143289595918,0.755015279012171,1.74255058839653,0.732754283730487
1.84136415072455,-0.440473822147664,1.52460550780499,0.892112645809515,1.50833366264318,0.842744098734313
1.77258986446339,-0.665255060839486,1.71399813374704,0.752875650160603,1.67255162664026,0.684888276382906
1.88201665152382,0.20652468849498,0.927449650022719,1.14443105598077,0.905714820324696,1.16120630003209
1.85744322401488,-0.366802117131444,1.46039561147006,0.931649286164137,1.4229079286463,0.862378895014989
1.88956745567827,-0.11905441618207,1.2372089537116,1.04389279548324,1.2682748093222,1.05941742047796
1.83077571125622,-0.482596538161215,1.56085700102415,0.868190532731574,1.55657696672946,0.860966113851699
1.80765724543206,0.563040324140181,0.566401641571485,1.1921495568711,0.528769273525363,1.14097052133678
1.87857337865368,-0.235799034316503,1.34375006000996,0.994911490256671,1.33719435405508,0.996184648653132
1.84276555962577,-0.434573602313819,1.51950065370004,0.895386329600482,1.49275995357082,0.852621421594375
1.84259118820213,0.435312343875937,0.698495924165163,1.18288037104345,0.688557039573504,1.25521706080093
1.76279516753889,-0.690791083376481,1.73485856270585,0.735187602260746,1.77989826080984,0.694538375528995
1.7709736790969,-0.669545630645797,1.71751287161468,0.749931560806744,1.76467751097977,0.784604006479699
1.89279513021562,0.0443364252385923,1.08407765604281,1.10096985407375,1.06054877994047,1.068300922725
1.78469990661791,0.632048547889268,0.493684091410525,1.19330378779254,0.481845251783889,1.17862020415523
1.88721663490077,0.151830486150585,0.980786372127001,1.13125191821001,0.994197809590448,1.06557067297271
1.88733977241015,0.150292072477946,0.982278956025699,1.1308593971536,0.985887611591552,1.16787225460084
1.88124096577936,0.213474945238123,0.920633899527146,1.1459973581074,0.904471562992239,1.14695587297674
1.79030500646779,0.615992781927888,0.510690101495411,1.19328414277966,0.543019243034106,1.25528076304794
1.84747593083402,-0.414091546110112,1.50172854777918,0.906604817662117,1.45685001414719,0.910148227306185
1.80745879351919,0.563677064728588,0.565735098191499,1.19217283048792,0.646268169788067,1.19916164067348
1.7756840340593,-0.656951546735211,1.70718496349612,0.758541596074576,1.69586541661382,0.701768690034675
1.8367402423555,0.459373927952785,0.673853197279115,1.18531540845736,0.686544000233417,1.1702909982549
1.76716572926149,-0.679532492890973,1.72567864986948,0.743035332493636,1.70334680853338,0.753603236454388
1.88910109295363,-0.126238600167723,1.24383474362169,1.04107696491343,1.21155853309986,0.978716042212082
1.88808355299631,0.140640038665187,0.991633933851716,1.128369546524,1.02749292385106,1.13605471642516
1.83988359769055,-0.446617812587216,1.52991424642377,0.888683659066287,1.5311331568475,0.79785741710622
1.84235009479707,0.436331584660242,0.697454298732614,1.18298988937352,0.704756400295836,1.14545998702683
1.8447476819894,-0.426081111251879,1.5121414003281,0.900065282828414,1.51611744335319,0.921859126851709
1.8317488273889,-0.478889712700432,1.55768051302998,0.870334695511606,1.57969899742743,0.915499166168897
1.88575145492639,0.169057900773355,0.964043640275212,1.13556602264561,1.01905062696032,1.22125590241024
1.78085028370558,0.642815207191501,0.482250138979602,1.19323111795804,0.503291219400226,1.22131695287283
1.87809189375535,0.239603760782972,0.8949337117563,1.15166586804674,0.91667537642831,1.17764900259387
1.84604748906644,-0.420413833838016,1.50722278530251,0.903166050145261,1.54640241620263,0.881831179713171
1.79430182775006,0.604251664874586,0.523092366053031,1.19317349078233,0.551510587480362,1.12460240429042
1.88493923707378,-0.177885345407164,1.29119963160504,1.02007042487188,1.25483033703976,1.0434894411768
1.76843842838721,-0.67621346376295,1.72296720891872,0.745333985444348,1.71461308915662,0.763664176989564
1.85006902915061,-0.402347748780335,1.49150294409105,0.91293553356285,1.44011022570954,0.905876638002744
1.79745816829166,0.594796819773343,0.533059047211079,1.19302567942656,0.551452201180826,1.22959030108331
1.81436371759561,0.541039207307132,0.589382731041021,1.19120328123725,0.649544833598147,1.20296202915523
1.88934424827615,0.122545644870435,1.00912724942094,1.1235757641151,1.05909421773433,1.19552311896076
1.89115706989029,0.0903551911894489,1.04010617533654,1.11464168444744,1.06923167138586,1.16935827650392
1.74981319999047,-0.723044181713678,1.76100418782784,0.712270357209107,1.73134510785425,0.685368024732776
1.81259069584196,-0.546949808408467,1.61557630367594,0.829747898919171,1.59226442879984,0.792325220938639
1.84596245729014,-0.420787036214574,1.50754687293245,0.902962389582155,1.51323204056567,0.903687524136149
1.83128415744754,0.480663560354384,0.651957049706515,1.18720644832922,0.6477882040756,1.21311602051794
1.88594355434781,-0.166901268374046,1.28116562040708,1.02465051447095,1.30861187866573,1.08647637052086
1.87402060012915,-0.269603252692684,1.37414695071654,0.979436284032196,1.41571167164462,1.04161037823008
1.86027227184131,-0.352173534197653,1.44752554227983,0.939156633851144,1.43958444479728,0.856000921690328
1.86918892623666,-0.301283722768307,1.40244734636049,0.964400165410294,1.40017811133913,0.975589419484745
1.89030289924249,-0.106743021721885,1.22583338596802,1.04865806245392,1.26046692636804,0.937594643764536
1.83833314038654,-0.452957380475762,1.53538444318449,0.88512402618295,1.55085684695045,0.825978491551156
1.8906560492228,0.100293704229744,1.03056111247304,1.11745537207995,0.977429987450594,1.05548580827216
1.87881685991113,0.233851086130887,0.900602482655212,1.15044772270426,0.874939794337187,1.13946548141106
1.87323896807961,0.274981621274831,0.859941381121948,1.1587849057185,0.836153941445534,1.1444780581255
1.8808363596577,-0.217010856319366,1.32676722020194,1.00326013490907,1.28483797693484,0.977166018320821
1.77277091346138,0.664772451261494,0.458856456653244,1.19286722524634,0.453117528118607,1.23338491104098
1.85509593081967,-0.378494664463329,1.47065413260266,0.925567494271547,1.47480985518867,0.932549906906675
1.85743448452349,0.366846370124953,0.768018535167281,1.17424789939263,0.812095308260198,1.23316925998488
1.88628213698963,-0.163030129867838,1.27762423247211,1.02625017788357,1.29995666177373,1.03423120280739
1.82433122502134,0.506413571088935,0.625356474391479,1.1891598338677,0.662128919306636,1.16929280750489
1.88375261966116,-0.190039973401919,1.30227805578618,1.01493120700944,1.27844435727195,0.953387282419769
1.86820182963572,0.307345159904397,0.827732873259157,1.16473330193789,0.837913026202428,1.22001271857615
1.87942042547765,-0.228949749657639,1.33756621502157,0.997975841708399,1.38929172359087,1.00643767032709
1.81085477063308,0.552669994885104,0.57724592186344,1.1917378759031,0.556760860382143,1.20174014945806
1.85678151011259,0.37013720060933,0.764696914263935,1.17471989031696,0.785987369259268,1.18509268095341
1.89080388928221,-0.0974667935564224,1.21724469885653,1.05219838075861,1.25751805989565,1.0504243930654
1.8875546951724,-0.147568276751843,1.26345306357591,1.03256415271916,1.23057132664054,1.03538808377803
1.88389446270554,-0.188628674803925,1.30099306080697,1.01553176598685,1.31642339548599,0.988006338309595
1.89143401961119,-0.0843591905387788,1.20508289086913,1.05712755387153,1.1764088242141,1.08128914775136
1.88495468945245,-0.177721530159209,1.29105014230898,1.02013917923052,1.27603871301651,1.06611341525738
1.78769746281426,-0.623519771152719,1.67960669062342,0.780934562702678,1.65854317882778,0.846554418627835
1.89123212818677,-0.0887702702768196,1.20917904529689,1.05547834087541,1.19330379115711,1.07581585392402
1.88669159817128,0.158221164705575,0.9745816045084,1.13286972374829,0.964813770908117,1.16711993533422
1.87110416437385,-0.289151049857546,1.39163058634636,0.970219752326782,1.36516544360506,0.989962513183875
1.88822728826689,-0.138696904850672,1.25530320256521,1.03613253980381,1.2354338564391,0.984022068732435
1.80111329011984,-0.583635194042128,1.64640239688562,0.806784877806322,1.66224235502751,0.809880246264737
1.89300219576422,-0.0343774694055448,1.15843166238714,1.07513573270807,1.21124971923587,1.11907879397081
1.86820577094968,-0.307321201613562,1.40782004780136,0.961475815165795,1.35906626120445,0.889284968604261
1.75831669490811,-0.70211218760132,1.74406178775915,0.727217359692768,1.73546010405606,0.713567797570443
1.8076750002939,0.562983318476967,0.566461311429383,1.19214746192097,0.577265129889753,1.13829664682676
1.84452067635317,-0.427062756602046,1.51299275187662,0.899526432484421,1.52830977905328,0.896212176799128
1.87365473709407,0.27213424947228,0.86276605150067,1.15823569964887,0.892892571669917,1.18283808384517
1.82399152046379,-0.507635752136413,1.58224410185083,0.853507910369297,1.58639775768321,0.869645630878531
1.7634530950462,0.689109791791462,0.432807042860231,1.19212162137684,0.377722908558208,1.19317035578695
1.89331018337421,0.0039589269283776,1.12235387885854,1.08810368073013,1.14347034562134,1.13968857404728
1.80455591828123,0.572902313983021,0.556068913338066,1.19248392345298,0.584471095984344,1.19766868735104
1.86343785864317,0.335020104689649,0.800039516321102,1.16938904784871,0.782668633141055,1.20091437648848
1.89330967750901,-0.00419387906637033,1.13004784918383,1.08540718921755,1.12000760930446,1.12368253162755
1.8866058932181,0.159239841891539,0.973591895662822,1.13312570216376,0.95516551525096,1.117348500884
1.88006613886019,-0.223585413393254,1.33271719874073,1.00035913573935,1.32752439315065,1.00239678623507
1.89291304724432,0.0389784445959405,1.08917319570887,1.09930933111266,1.05960168582725,1.12256745726182
1.84206733876381,0.437523762818119,0.696235687979422,1.18311727684022,0.733806943120058,1.19913923255384
1.8634817873417,-0.334775673872371,1.43216780747846,0.947938804164677,1.39381607376473,0.898360492507733
1.86827168337372,-0.306920251327325,1.40746345083916,0.961670607840789,1.39540952782672,0.934376530111337
1.87986574100609,-0.225264110240652,1.33423518519982,0.999614891481455,1.3760611581344,0.993610151428848
1.81136837101226,0.550984344666236,0.579006579313027,1.19166516170176,0.591192298530886,1.15240703958201
1.79755423254788,-0.594506437828986,1.65548510733989,0.799831087251698,1.64404329603148,0.845686152799926
1.84329554635582,-0.432320080907321,1.51754917195096,0.896631706509931,1.5040659580213,0.802667743228767
1.87064190834569,-0.29212664087974,1.3942859123813,0.968799517763366,1.40652828894501,0.971065470535702
1.88045547089428,-0.220286961835376,1.32973306106621,1.0018173142099,1.35828137493388,1.02151409684961
1.86337035097124,0.335395376670904,0.799663032948157,1.16944943506242,0.822361079958339,1.18942830010936
1.80682862541546,0.565693770471422,0.563623462810047,1.19224501017996,0.618523156040539,1.21076431592245
1.7772804282898,-0.652620412482586,1.70362539865554,0.761480421792296,1.67172329995282,0.681651057512148
1.79054181856689,-0.615304087044832,1.67279379934794,0.786335704940819,1.66710045348939,0.760722717032269
1.75732428870154,-0.70459241261209,1.74607430362283,0.725460610968179,1.68198923860252,0.650421607467787
1.83866485122632,-0.45160899950709,1.53422161266662,0.885882965248113,1.54715336265968,0.921111384369592
1.7637804197507,-0.688271570293978,1.73280660335471,0.736950591459542,1.75602800256271,0.732109239992391
1.8927446698532,-0.0464406967347584,1.16973106502623,1.07090356149332,1.17232310283461,1.09209779652215
1.85499004286906,-0.37901327737632,1.47110855329063,0.925296065735926,1.41777620233319,0.895975452276278
1.79127699923235,0.61316053003439,0.513684437682057,1.19326486782389,0.448487400939886,1.13727971467455
1.8661767789865,0.319410947123709,0.815676239949184,1.16681215849438,0.873259328816401,1.16483983746301
1.89323904104086,-0.0168836325939242,1.14200033192352,1.08114421015846,1.10249932412778,1.00338723456516
1.79030734505418,-0.615985985080798,1.67335979753655,0.785888928922984,1.70296871387424,0.767261554316647
1.89278647699775,0.0447043181957326,1.08372759886785,1.10108334451543,1.07830243578982,1.07280162082389
1.87723615527729,0.246218482024908,0.888408147611407,1.15304566442384,0.885929898170758,1.14719556049916
1.88654341901637,0.159978285204359,0.972874337094992,1.13331093513563,0.953572767976381,1.14098983537235
1.88953630391937,-0.119547813621268,1.23766429169135,1.04370023694854,1.25565371640124,1.06232052514379
1.80554574151163,-0.569775130099694,1.63478783279525,0.815551285212993,1.62981682122879,0.848917958235387
1.8350778778686,0.46597028416862,0.667078225499343,1.18592788571962,0.633289106864711,1.1710500423627
1.85673279991848,-0.370381469943864,1.4635386667219,0.929795189986362,1.45365584804579,0.967663517753241
1.89326512931148,0.013648212486948,1.11319480370783,1.09126526686491,1.11265333042662,1.08338122210043
1.83955760854525,0.447958623551528,0.685557950458375,1.18419939777949,0.681373236502683,1.16997009971538
1.89325789633839,0.0146171653620013,1.11227797127514,1.09157885940365,1.12634015857705,1.13271237936053
1.87062834819982,-0.292213460473872,1.39436336345276,0.968758010522904,1.40706745207987,0.988594183692271
1.81733642694233,0.530968393484387,0.599870003001307,1.19067847770884,0.52036432744756,1.15671426791279
1.78006681066949,-0.644981606810497,1.69733776028555,0.766636086889066,1.67240343048862,0.735301715670298
1.8623049819457,0.341261304268612,0.793774814329269,1.17038377934495,0.790169292144023,1.1621788706627
1.80024426598947,0.586310247516567,0.541989495636218,1.19284864842045,0.55698302327568,1.16357411506675
1.89255940126076,-0.0534606048453388,1.17629477478343,1.06840733462953,1.19795372613706,1.07117530064498
1.89276627708447,-0.0455515521437387,1.16889908798172,1.07121798028027,1.1859681280071,1.08790514858061
1.82376161630262,-0.508461100254618,1.58294699078718,0.853018009784783,1.57091613874455,0.913721120804341
1.77014437783402,0.67173507068896,0.451416989906903,1.19269089253929,0.497050449550754,1.19701980817782
1.81124637656782,0.55138524367346,0.578587892682476,1.19168260199607,0.552995617063992,1.16123415791709
1.8932388226575,-0.0169081031862521,1.14202335360957,1.08113591199291,1.09549894252979,1.06731998083353
1.88827432263313,-0.138055083409765,1.25471304291049,1.03638916906081,1.2681660698679,1.04924026369976
1.81246787831148,-0.547356660377844,1.61591965260947,0.829497450959255,1.64641010394518,0.845148045472766
1.78860752817115,0.620904367628703,0.505493505168406,1.19330635264657,0.536180769874182,1.21315116220046
1.75235348731029,-0.716865663205015,1.7560133023348,0.716710876618417,1.77253030734168,0.639231325640291
1.83617173186595,-0.461641088582131,1.54286486860995,0.880212640561404,1.57052780829183,0.9490139247427
1.87526730591196,-0.260790442594419,1.36624220758035,0.983527119287722,1.37124070575325,1.01188084716623
1.77638711672122,-0.655048040312893,1.70562104555381,0.759834585865342,1.75513246630902,0.767051186986661
1.8200084093971,-0.521736057115785,1.59423398156313,0.845086119659156,1.63701193839903,0.83909042306203
1.86267573360804,0.339231830756856,0.795812713942335,1.17006255559566,0.798738711761025,1.14265464573058
1.89313095918567,-0.0263494771034362,1.1508978967703,1.07791199207129,1.17564345590405,1.02003592335687
1.87802212874311,-0.2401499688155,1.34767392514817,0.992952462473413,1.38277597859036,1.00012183740127
1.85299571295838,-0.388646383398556,1.47954021495344,0.92022840700312,1.52697268918826,0.993866261967318
1.89190460456724,-0.0730485508971186,1.19456419163754,1.06131192787246,1.19037794167894,0.993809853257617
1.83583135316924,-0.462992836112724,1.54402800995652,0.879444408010971,1.58380312863741,0.826325465273756
1.87530697507218,-0.260505034148144,1.36598597392954,0.983658937115297,1.40055892689339,0.999937458728848
1.86087607377824,-0.348968998065111,1.44470095851723,0.940786159908576,1.47554016290834,0.899806950479701
1.83004840267574,0.485347264785606,0.647128199525414,1.18758904862136,0.685084569904102,1.19455256024236
